	transMode	startDate	endDate	distance	speed	acceleration	hasChangepoint	hasStopPoint
12722	['bus']	2008-08-22 11:30:11	2008-08-22 11:34:03	109.3582475893488	0.0	-128.0	False	3
12723	['bus']	2008-08-22 11:34:03	2008-08-22 11:35:23	121.18301723679075	2.0	2.0	False	1
12724	['bus']	2008-08-22 11:35:23	2008-08-22 11:35:30	129.43784891800092	18.0	16.0	False	0
12725	['bus']	2008-08-22 11:35:30	2008-08-22 11:35:32	106.69136809276301	53.0	35.0	False	0
12726	['bus']	2008-08-22 11:35:32	2008-08-22 11:35:34	126.73774129548576	63.0	10.0	False	0
12727	['bus']	2008-08-22 11:35:34	2008-08-22 11:35:36	144.8764066715412	72.0	9.0	False	0
12728	['bus']	2008-08-22 11:35:36	2008-08-22 11:35:38	434.6071172238485	217.0	145.0	False	0
12729	['bus']	2008-08-22 11:35:38	2008-08-22 11:35:48	564.4942300594685	56.0	-161.0	False	0
12730	['bus']	2008-08-22 11:35:48	2008-08-22 11:35:58	6731.386003593402	673.0	617.0	False	0
