	transMode	startDate	endDate	distance	speed	acceleration	hasChangepoint	hasStopPoint
9229	['bus']	2008-08-11 05:41:41	2008-08-11 05:42:14	140.46761216037888	4.0	-36.0	False	0
9230	['bus']	2008-08-11 05:42:14	2008-08-11 05:44:34	102.03032220255777	1.0	-3.0	False	0
9231	['bus']	2008-08-11 05:44:34	2008-08-11 05:45:46	104.7009996731769	1.0	0.0	False	2
9232	['bus']	2008-08-11 05:45:46	2008-08-11 05:45:57	100.71059671689316	9.0	8.0	False	0
9233	['bus']	2008-08-11 05:45:57	2008-08-11 05:46:07	112.68989406368813	11.0	2.0	False	0
9234	['bus']	2008-08-11 05:46:07	2008-08-11 05:46:09	129.93153191046594	65.0	54.0	False	0
9235	['bus']	2008-08-11 05:46:09	2008-08-11 05:46:21	132.3032250757763	11.0	-54.0	False	0
9236	['bus']	2008-08-11 05:46:21	2008-08-11 05:49:10	122.41255590046033	1.0	-10.0	False	0
9237	['bus']	2008-08-11 05:49:10	2008-08-11 05:49:24	102.88263584376188	7.0	6.0	False	0
9238	['bus']	2008-08-11 05:49:24	2008-08-11 05:50:00	107.22429936500848	3.0	-4.0	False	0
9239	['bus']	2008-08-11 05:50:00	2008-08-11 05:52:37	101.2593609041499	1.0	-2.0	False	1
9240	['bus']	2008-08-11 05:52:37	2008-08-11 05:55:19	105.74034150406644	1.0	0.0	False	1
9241	['bus']	2008-08-11 05:55:19	2008-08-11 05:55:55	107.9897210984235	3.0	2.0	False	1
9242	['bus']	2008-08-11 05:55:55	2008-08-11 05:57:18	103.6111539326129	1.0	-2.0	False	0
9243	['bus']	2008-08-11 05:57:18	2008-08-11 05:57:44	105.34379808127235	4.0	3.0	False	0
9244	['bus']	2008-08-11 05:57:44	2008-08-11 05:58:05	107.78584480822038	5.0	1.0	False	0
9245	['bus']	2008-08-11 05:58:05	2008-08-11 05:58:21	110.64681738609032	7.0	2.0	False	0
9246	['bus']	2008-08-11 05:58:21	2008-08-11 05:58:55	101.15013274708306	3.0	-4.0	False	0
9247	['bus']	2008-08-11 05:58:55	2008-08-11 05:59:58	107.85262670815683	2.0	-1.0	False	0
9248	['bus']	2008-08-11 05:59:58	2008-08-11 06:02:03	103.14700116195083	1.0	-1.0	False	2
9249	['bus']	2008-08-11 06:02:03	2008-08-11 06:02:26	111.36076382762616	5.0	4.0	False	0
9250	['bus']	2008-08-11 06:02:26	2008-08-11 06:02:40	106.51650494550734	8.0	3.0	False	0
9251	['bus']	2008-08-11 06:02:40	2008-08-11 06:03:06	106.68195861262852	4.0	-4.0	False	0
9252	['bus']	2008-08-11 06:03:06	2008-08-11 06:03:24	102.60015623037258	6.0	2.0	False	0
9253	['bus']	2008-08-11 06:03:24	2008-08-11 06:03:46	110.40887189017045	5.0	-1.0	False	0
9254	['bus']	2008-08-11 06:03:46	2008-08-11 06:03:56	176.46177948605998	18.0	13.0	False	0
9255	['bus']	2008-08-11 06:03:56	2008-08-11 06:04:19	107.12914450625486	5.0	-13.0	False	0
9256	['bus']	2008-08-11 06:04:19	2008-08-11 06:04:43	101.10542744865862	4.0	-1.0	False	0
9257	['bus']	2008-08-11 06:04:43	2008-08-11 06:05:03	121.38405308036826	6.0	2.0	False	0
9258	['bus']	2008-08-11 06:05:03	2008-08-11 06:05:21	106.15083774576253	6.0	0.0	False	0
9259	['bus']	2008-08-11 06:05:21	2008-08-11 06:05:39	103.85872502137849	6.0	0.0	False	0
9260	['bus']	2008-08-11 06:05:39	2008-08-11 06:06:03	100.41006066769688	4.0	-2.0	False	0
9261	['bus']	2008-08-11 06:06:03	2008-08-11 06:07:24	103.32037610540094	1.0	-3.0	False	1
9262	['bus']	2008-08-11 06:07:24	2008-08-11 06:08:28	106.7702210089373	2.0	1.0	False	2
9263	['bus']	2008-08-11 06:08:28	2008-08-11 06:08:50	106.12693164639612	5.0	3.0	False	0
9264	['bus']	2008-08-11 06:08:50	2008-08-11 06:10:03	102.44534568842933	1.0	-4.0	False	0
9265	['bus']	2008-08-11 06:10:03	2008-08-11 06:10:29	125.11744507043298	5.0	4.0	False	0
9266	['bus']	2008-08-11 06:10:29	2008-08-11 06:10:47	105.23503456621829	6.0	1.0	False	0
9267	['bus']	2008-08-11 06:10:47	2008-08-11 06:11:19	108.56351567820268	3.0	-3.0	False	0
9268	['bus']	2008-08-11 06:11:19	2008-08-11 06:11:33	107.11179480024798	8.0	5.0	False	0
9269	['bus']	2008-08-11 06:11:33	2008-08-11 06:11:55	101.64041584092391	5.0	-3.0	False	0
9270	['bus']	2008-08-11 06:11:55	2008-08-11 06:12:25	101.29334855938009	3.0	-2.0	False	0
9271	['bus']	2008-08-11 06:12:25	2008-08-11 06:13:01	102.19219039900051	3.0	0.0	False	0
9272	['bus']	2008-08-11 06:13:01	2008-08-11 06:14:03	102.98008170242717	2.0	-1.0	False	0
9273	['bus']	2008-08-11 06:14:03	2008-08-11 06:14:31	105.18493797095569	4.0	2.0	False	0
9274	['bus']	2008-08-11 06:14:31	2008-08-11 06:15:33	101.44603723729512	2.0	-2.0	False	1
9275	['bus']	2008-08-11 06:15:33	2008-08-11 06:16:00	109.73027179421832	4.0	2.0	False	0
9276	['bus']	2008-08-11 06:16:00	2008-08-11 06:16:24	102.91523196020619	4.0	0.0	False	0
9277	['bus']	2008-08-11 06:16:24	2008-08-11 06:17:29	101.95589539141727	2.0	-2.0	False	1
9278	['bus']	2008-08-11 06:17:29	2008-08-11 06:17:41	116.00918977458889	10.0	8.0	False	0
9279	['bus']	2008-08-11 06:17:41	2008-08-11 06:17:49	110.0020143127324	14.0	4.0	False	0
9280	['bus']	2008-08-11 06:17:49	2008-08-11 06:18:04	101.20351939056015	7.0	-7.0	False	0
9281	['bus']	2008-08-11 06:18:04	2008-08-11 06:18:55	102.34145155068254	2.0	-5.0	False	0
9282	['bus']	2008-08-11 06:18:55	2008-08-11 06:19:16	105.88100130710271	5.0	3.0	False	0
9283	['bus']	2008-08-11 06:19:16	2008-08-11 06:19:28	122.35651415297667	10.0	5.0	False	0
9284	['bus']	2008-08-11 06:19:28	2008-08-11 06:19:36	124.74974281867568	16.0	6.0	False	0
9285	['bus']	2008-08-11 06:19:36	2008-08-11 06:19:42	103.78476243840538	17.0	1.0	False	0
9286	['bus']	2008-08-11 06:19:42	2008-08-11 06:19:50	104.98307937378218	13.0	-4.0	False	0
9287	['bus']	2008-08-11 06:19:50	2008-08-11 06:19:58	109.6375367228519	14.0	1.0	False	0
9288	['bus']	2008-08-11 06:19:58	2008-08-11 06:20:04	101.23086633132458	17.0	3.0	False	0
9289	['bus']	2008-08-11 06:20:04	2008-08-11 06:20:10	110.11310901276522	18.0	1.0	False	0
9290	['bus']	2008-08-11 06:20:10	2008-08-11 06:20:16	110.67993998390646	18.0	0.0	False	0
9291	['bus']	2008-08-11 06:20:16	2008-08-11 06:20:43	108.1837226492822	4.0	-14.0	False	0
9292	['bus']	2008-08-11 06:20:43	2008-08-11 06:20:56	105.56482791930941	8.0	4.0	False	0
9293	['bus']	2008-08-11 06:20:56	2008-08-11 06:21:04	111.81151910910276	14.0	6.0	False	0
9294	['bus']	2008-08-11 06:21:04	2008-08-11 06:21:12	108.31049557139843	14.0	0.0	False	0
9295	['bus']	2008-08-11 06:21:12	2008-08-11 06:21:20	126.09012421622441	16.0	2.0	False	0
9296	['bus']	2008-08-11 06:21:20	2008-08-11 06:21:26	110.29284545017921	18.0	2.0	False	0
9297	['bus']	2008-08-11 06:21:26	2008-08-11 06:21:32	112.50149282735377	19.0	1.0	False	0
9298	['bus']	2008-08-11 06:21:32	2008-08-11 06:21:38	107.74997614585672	18.0	-1.0	False	0
9299	['bus']	2008-08-11 06:21:38	2008-08-11 06:21:45	109.03047426566059	16.0	-2.0	False	0
9300	['bus']	2008-08-11 06:21:45	2008-08-11 06:21:52	117.42446044655762	17.0	1.0	False	0
9301	['bus']	2008-08-11 06:21:52	2008-08-11 06:21:58	144.1292549236789	24.0	7.0	False	0
9302	['bus']	2008-08-11 06:21:58	2008-08-11 06:22:04	105.63792012995272	18.0	-6.0	False	0
9303	['bus']	2008-08-11 06:22:04	2008-08-11 06:22:12	108.70205799037991	14.0	-4.0	False	0
9304	['bus']	2008-08-11 06:22:12	2008-08-11 06:22:18	100.36978052527363	17.0	3.0	False	0
9305	['bus']	2008-08-11 06:22:18	2008-08-11 06:22:24	110.77410683618112	18.0	1.0	False	0
9306	['bus']	2008-08-11 06:22:24	2008-08-11 06:22:30	105.99556256803673	18.0	0.0	False	0
9307	['bus']	2008-08-11 06:22:30	2008-08-11 06:22:36	110.23827724131408	18.0	0.0	False	0
9308	['bus']	2008-08-11 06:22:36	2008-08-11 06:22:42	108.13117419138733	18.0	0.0	False	0
9309	['bus']	2008-08-11 06:22:42	2008-08-11 06:22:58	106.33714829239037	7.0	-11.0	False	0
9310	['bus']	2008-08-11 06:22:58	2008-08-11 06:23:12	104.97890394252705	7.0	0.0	False	0
9311	['bus']	2008-08-11 06:23:12	2008-08-11 06:23:32	107.8941945374858	5.0	-2.0	False	0
9312	['bus']	2008-08-11 06:23:32	2008-08-11 06:24:02	100.17611187238826	3.0	-2.0	False	0
9313	['bus']	2008-08-11 06:24:02	2008-08-11 06:25:00	100.17431269211494	2.0	-1.0	False	0
9314	['bus']	2008-08-11 06:25:00	2008-08-11 06:26:18	103.68367103017776	1.0	-1.0	False	0
9315	['bus']	2008-08-11 06:26:18	2008-08-11 06:27:18	103.63781707499368	2.0	1.0	False	0
9316	['bus']	2008-08-11 06:27:18	2008-08-11 06:28:30	101.08283245548024	1.0	-1.0	False	0
9317	['bus']	2008-08-11 06:28:30	2008-08-11 06:29:59	101.62422331252259	1.0	0.0	False	1
9318	['bus']	2008-08-11 06:29:59	2008-08-11 06:30:23	6971.079165883851	290.0	289.0	False	0
