	transMode	startDate	endDate	distance	speed	acceleration	hasChangepoint	hasStopPoint
2438	['bus']	2008-07-28 11:14:48	2008-07-28 11:14:56	113.77611392138913	14.0	-1.0	False	0
2439	['bus']	2008-07-28 11:14:56	2008-07-28 11:15:04	129.032019934674	16.0	2.0	False	0
2440	['bus']	2008-07-28 11:15:04	2008-07-28 11:15:08	101.01819243854314	25.0	9.0	False	0
2441	['bus']	2008-07-28 11:15:08	2008-07-28 11:15:14	123.63922714006426	21.0	-4.0	False	0
2442	['bus']	2008-07-28 11:15:14	2008-07-28 11:15:16	119.53869961745917	60.0	39.0	False	0
2443	['bus']	2008-07-28 11:15:16	2008-07-28 11:15:31	107.98125651651259	7.0	-53.0	False	0
2444	['bus']	2008-07-28 11:15:31	2008-07-28 11:15:39	129.7843315727854	16.0	9.0	False	0
2445	['bus']	2008-07-28 11:15:39	2008-07-28 11:15:41	100.73365514567479	50.0	34.0	False	0
2446	['bus']	2008-07-28 11:15:41	2008-07-28 11:15:43	134.0005692402279	67.0	17.0	False	0
2447	['bus']	2008-07-28 11:15:43	2008-07-28 11:15:45	432.33114343271194	216.0	149.0	False	0
2448	['bus']	2008-07-28 11:15:45	2008-07-28 11:15:55	640.181970744524	64.0	-152.0	False	0
2449	['bus']	2008-07-28 11:15:55	2008-07-28 11:16:05	483.3316848178542	48.0	-16.0	False	0
2450	['bus']	2008-07-28 11:16:05	2008-07-28 11:16:15	396.4834181505832	40.0	-8.0	False	0
2451	['bus']	2008-07-28 11:16:15	2008-07-28 11:16:25	411.4482607983033	41.0	1.0	False	0
2452	['bus']	2008-07-28 11:16:25	2008-07-28 11:17:03	245.91229901183019	6.0	-35.0	False	0
2453	['bus']	2008-07-28 11:17:03	2008-07-28 11:17:07	128.86848635217677	32.0	26.0	False	0
2454	['bus']	2008-07-28 11:17:07	2008-07-28 11:18:04	100.83857883523694	2.0	-30.0	False	0
2455	['bus']	2008-07-28 11:18:04	2008-07-28 11:18:44	103.4764291292138	3.0	1.0	False	0
2456	['bus']	2008-07-28 11:18:44	2008-07-28 11:19:47	113.06006117075451	2.0	-1.0	False	0
2457	['bus']	2008-07-28 11:19:47	2008-07-28 11:20:44	103.56963816970637	2.0	0.0	False	0
2458	['bus']	2008-07-28 11:20:44	2008-07-28 11:20:52	109.89369106029694	14.0	12.0	False	0
2459	['bus']	2008-07-28 11:20:52	2008-07-28 11:20:58	110.68655025578434	18.0	4.0	False	0
2460	['bus']	2008-07-28 11:20:58	2008-07-28 11:21:04	118.25329167339692	20.0	2.0	False	0
2461	['bus']	2008-07-28 11:21:04	2008-07-28 11:21:10	113.81952612975564	19.0	-1.0	False	0
2462	['bus']	2008-07-28 11:21:10	2008-07-28 11:21:27	103.81087307476255	6.0	-13.0	False	0
2463	['bus']	2008-07-28 11:21:27	2008-07-28 11:21:37	120.64784223310907	12.0	6.0	False	0
2464	['bus']	2008-07-28 11:21:37	2008-07-28 11:21:43	152.97279243979008	25.0	13.0	False	0
2465	['bus']	2008-07-28 11:21:43	2008-07-28 11:21:52	109.51719459192151	12.0	-13.0	False	0
2466	['bus']	2008-07-28 11:21:52	2008-07-28 11:22:04	150.3320020702214	13.0	1.0	False	0
2467	['bus']	2008-07-28 11:22:04	2008-07-28 11:22:18	106.28300408059843	8.0	-5.0	False	0
2468	['bus']	2008-07-28 11:22:18	2008-07-28 11:23:17	108.92152552058633	2.0	-6.0	False	1
2469	['bus']	2008-07-28 11:23:17	2008-07-28 11:23:44	101.44833707309719	4.0	2.0	False	0
2470	['bus']	2008-07-28 11:23:44	2008-07-28 11:24:17	104.79552184318277	3.0	-1.0	False	0
2471	['bus']	2008-07-28 11:24:17	2008-07-28 11:24:27	109.11680405412845	11.0	8.0	False	0
2472	['bus']	2008-07-28 11:24:27	2008-07-28 11:24:43	103.57341128900325	6.0	-5.0	False	0
2473	['bus']	2008-07-28 11:24:43	2008-07-28 11:25:29	107.14724592717901	2.0	-4.0	False	1
2474	['bus']	2008-07-28 11:25:29	2008-07-28 11:25:46	100.58944584722568	6.0	4.0	False	0
2475	['bus']	2008-07-28 11:25:46	2008-07-28 11:26:04	109.29341902684726	6.0	0.0	False	0
2476	['bus']	2008-07-28 11:26:04	2008-07-28 11:26:20	105.42401512121599	7.0	1.0	False	0
2477	['bus']	2008-07-28 11:26:20	2008-07-28 11:26:24	110.93017802602863	28.0	21.0	False	0
2478	['bus']	2008-07-28 11:26:24	2008-07-28 11:26:48	101.99665951340818	4.0	-24.0	False	0
2479	['bus']	2008-07-28 11:26:48	2008-07-28 11:27:29	103.5513163023063	3.0	-1.0	False	0
2480	['bus']	2008-07-28 11:27:29	2008-07-28 11:27:58	105.95385001744845	4.0	1.0	False	0
2481	['bus']	2008-07-28 11:27:58	2008-07-28 11:28:25	102.908163932227	4.0	0.0	False	0
2482	['bus']	2008-07-28 11:28:25	2008-07-28 11:29:20	100.27842864134197	2.0	-2.0	False	0
2483	['bus']	2008-07-28 11:29:20	2008-07-28 11:29:49	107.02453523690521	4.0	2.0	False	0
2484	['bus']	2008-07-28 11:29:49	2008-07-28 11:30:34	100.2506215394563	2.0	-2.0	False	1
2485	['bus']	2008-07-28 11:30:34	2008-07-28 11:31:09	115.41298008144628	3.0	1.0	False	1
2486	['bus']	2008-07-28 11:31:09	2008-07-28 11:31:17	105.12589427124524	13.0	10.0	False	0
2487	['bus']	2008-07-28 11:31:17	2008-07-28 11:31:23	101.07169341343898	17.0	4.0	False	0
2488	['bus']	2008-07-28 11:31:23	2008-07-28 11:31:29	484.2413103395472	81.0	64.0	False	0
2489	['bus']	2008-07-28 11:31:29	2008-07-28 11:31:57	422.2762616336046	15.0	-66.0	False	0
2490	['bus']	2008-07-28 11:31:57	2008-07-28 11:32:28	214.73119043338414	7.0	-8.0	False	0
2491	['bus']	2008-07-28 11:32:28	2008-07-28 11:32:36	223.14116444308354	28.0	21.0	False	0
2492	['bus']	2008-07-28 11:32:36	2008-07-28 11:32:46	169.84078156297187	17.0	-11.0	False	0
2493	['bus']	2008-07-28 11:32:46	2008-07-28 11:32:55	126.71498598384534	14.0	-3.0	False	0
2494	['bus']	2008-07-28 11:32:55	2008-07-28 11:33:03	142.02044383560542	18.0	4.0	False	0
2495	['bus']	2008-07-28 11:33:03	2008-07-28 11:33:07	106.58809427807991	27.0	9.0	False	0
2496	['bus']	2008-07-28 11:33:07	2008-07-28 11:33:30	107.79811350248751	5.0	-22.0	False	0
2497	['bus']	2008-07-28 11:33:30	2008-07-28 11:33:58	112.50169513376557	4.0	-1.0	False	0
2498	['bus']	2008-07-28 11:33:58	2008-07-28 11:34:21	110.62726007319999	5.0	1.0	False	0
2499	['bus']	2008-07-28 11:34:21	2008-07-28 11:35:13	110.06086453486203	2.0	-3.0	False	0
2500	['bus']	2008-07-28 11:35:13	2008-07-28 11:35:25	103.80868406125046	9.0	7.0	False	0
2501	['bus']	2008-07-28 11:35:25	2008-07-28 11:35:37	100.8515144094607	8.0	-1.0	False	0
2502	['bus']	2008-07-28 11:35:37	2008-07-28 11:35:49	135.6887132841552	11.0	3.0	False	0
2503	['bus']	2008-07-28 11:35:49	2008-07-28 11:36:24	124.63452585362232	4.0	-7.0	False	1
2504	['bus']	2008-07-28 11:36:24	2008-07-28 11:37:20	110.64311826723372	2.0	-2.0	False	0
2505	['bus']	2008-07-28 11:37:20	2008-07-28 11:37:43	103.30932710220686	4.0	2.0	False	0
2506	['bus']	2008-07-28 11:37:43	2008-07-28 11:38:04	114.99626830157405	5.0	1.0	False	0
2507	['bus']	2008-07-28 11:38:04	2008-07-28 11:38:16	105.5477803179612	9.0	4.0	False	0
2508	['bus']	2008-07-28 11:38:16	2008-07-28 11:38:42	107.42193734955283	4.0	-5.0	False	0
2509	['bus']	2008-07-28 11:38:42	2008-07-28 11:39:04	102.42079546543486	5.0	1.0	False	0
2510	['bus']	2008-07-28 11:39:04	2008-07-28 11:39:51	151.55697284815182	3.0	-2.0	False	0
2511	['bus']	2008-07-28 11:39:51	2008-07-28 11:39:57	107.57721800344639	18.0	15.0	False	0
2512	['bus']	2008-07-28 11:39:57	2008-07-28 11:40:09	113.67648535559677	9.0	-9.0	False	0
2513	['bus']	2008-07-28 11:40:09	2008-07-28 11:41:25	113.35624936580302	1.0	-8.0	False	0
2514	['bus']	2008-07-28 11:41:25	2008-07-28 11:41:41	105.04158109492631	7.0	6.0	False	0
2515	['bus']	2008-07-28 11:41:41	2008-07-28 11:42:04	112.087370341776	5.0	-2.0	False	0
2516	['bus']	2008-07-28 11:42:04	2008-07-28 11:42:31	107.88450694987951	4.0	-1.0	False	0
2517	['bus']	2008-07-28 11:42:31	2008-07-28 11:42:43	105.13080374637799	9.0	5.0	False	0
2518	['bus']	2008-07-28 11:42:43	2008-07-28 11:42:59	102.80912814550028	6.0	-3.0	False	0
2519	['bus']	2008-07-28 11:42:59	2008-07-28 11:43:23	100.59006955378295	4.0	-2.0	False	0
2520	['bus']	2008-07-28 11:43:23	2008-07-28 11:45:17	116.85507569774357	1.0	-3.0	False	0
2521	['bus']	2008-07-28 11:45:17	2008-07-28 11:45:29	102.70534279310222	9.0	8.0	False	0
2522	['bus']	2008-07-28 11:45:29	2008-07-28 11:46:09	100.69319304562467	3.0	-6.0	False	0
2523	['bus']	2008-07-28 11:46:09	2008-07-28 11:46:31	126.79432596852908	6.0	3.0	False	0
2524	['bus']	2008-07-28 11:46:31	2008-07-28 11:46:50	155.5864598717488	8.0	2.0	False	0
2525	['bus']	2008-07-28 11:46:50	2008-07-28 11:46:57	106.83290687237721	15.0	7.0	False	0
2526	['bus']	2008-07-28 11:46:57	2008-07-28 11:47:05	120.05812174111801	15.0	0.0	False	0
2527	['bus']	2008-07-28 11:47:05	2008-07-28 11:47:07	113.82254900022185	57.0	42.0	False	0
2528	['bus']	2008-07-28 11:47:07	2008-07-28 11:47:17	175.23570927471246	18.0	-39.0	False	0
2529	['bus']	2008-07-28 11:47:17	2008-07-28 11:48:11	130.43516797901106	2.0	-16.0	False	0
2530	['bus']	2008-07-28 11:48:11	2008-07-28 11:49:19	109.45503009335263	2.0	0.0	False	0
2531	['bus']	2008-07-28 11:49:19	2008-07-28 11:49:37	100.97050357113251	6.0	4.0	False	0
2532	['bus']	2008-07-28 11:49:37	2008-07-28 11:49:51	104.97025205294027	7.0	1.0	False	0
2533	['bus']	2008-07-28 11:49:51	2008-07-28 11:51:01	103.78189694326724	1.0	-6.0	False	0
2534	['bus']	2008-07-28 11:51:01	2008-07-28 11:51:25	106.58581619125391	4.0	3.0	False	1
2535	['bus']	2008-07-28 11:51:25	2008-07-28 11:51:48	108.77228414883099	5.0	1.0	False	0
2536	['bus']	2008-07-28 11:51:48	2008-07-28 11:52:55	103.01322226443264	2.0	-3.0	False	1
2537	['bus']	2008-07-28 11:52:55	2008-07-28 11:53:28	120.40370861196327	4.0	2.0	False	0
2538	['bus']	2008-07-28 11:53:28	2008-07-28 11:53:48	157.62952781444883	8.0	4.0	False	0
2539	['bus']	2008-07-28 11:53:48	2008-07-28 11:54:16	121.75850426696121	4.0	-4.0	False	0
2540	['bus']	2008-07-28 11:54:16	2008-07-28 11:54:36	104.50329930430124	5.0	1.0	False	0
2541	['bus']	2008-07-28 11:54:36	2008-07-28 11:56:33	103.1668616357303	1.0	-4.0	False	0
2542	['bus']	2008-07-28 11:56:33	2008-07-28 11:56:37	378.64690729843494	95.0	94.0	False	0
2543	['bus']	2008-07-28 11:56:37	2008-07-28 12:06:28	368.5544594856348	1.0	-94.0	False	0
2544	['bus']	2008-07-28 12:06:28	2008-07-28 12:07:23	104.35051356968553	2.0	1.0	False	1
2545	['bus']	2008-07-28 12:07:23	2008-07-28 12:08:12	104.54025109161277	2.0	0.0	False	1
2546	['bus']	2008-07-28 12:08:12	2008-07-28 12:08:59	106.22562069863494	2.0	0.0	False	1
2547	['bus']	2008-07-28 12:08:59	2008-07-28 12:09:30	101.65087382961217	3.0	1.0	False	0
2548	['bus']	2008-07-28 12:09:30	2008-07-28 12:09:57	242.4582760490698	9.0	6.0	False	1
2549	['bus']	2008-07-28 12:09:57	2008-07-28 12:12:24	227.4164014073061	2.0	-7.0	False	0
2550	['bus']	2008-07-28 12:12:24	2008-07-28 12:13:06	100.84406400875477	2.0	0.0	False	0
2551	['bus']	2008-07-28 12:13:06	2008-07-28 12:13:14	216.41702750302494	27.0	25.0	False	0
