	transMode	startDate	endDate	distance	speed	acceleration	hasChangepoint	hasStopPoint
21179	['bike']	2008-09-20 03:41:25	2008-09-20 03:42:53	116.01835602860925	1.0	-5.0	False	0
21180	['bike']	2008-09-20 03:42:53	2008-09-20 03:43:26	146.2374148950559	4.0	3.0	False	0
21181	['bike']	2008-09-20 03:43:26	2008-09-20 03:43:49	122.85450147501587	5.0	1.0	False	0
21182	['bike']	2008-09-20 03:43:49	2008-09-20 03:44:14	105.27897211716018	4.0	-1.0	False	0
21183	['bike']	2008-09-20 03:44:14	2008-09-20 03:44:18	101.5510865571558	25.0	21.0	False	0
21184	['bike']	2008-09-20 03:44:18	2008-09-20 03:44:29	106.0992801499357	10.0	-15.0	False	0
21185	['bike']	2008-09-20 03:44:29	2008-09-20 03:44:47	118.18114730437452	7.0	-3.0	False	0
21186	['bike']	2008-09-20 03:44:47	2008-09-20 03:45:00	104.88114196564939	8.0	1.0	False	0
21187	['bike', 'bus']	2008-09-20 03:45:00	2008-09-20 03:45:12	1221.4401192516088	102.0	94.0	True	0
