	transMode	startDate	endDate	distance	speed	acceleration	hasChangepoint	hasStopPoint
1660	['bike']	2007-10-23 00:49:01	2007-10-23 00:49:20	168.77090156850483	9.0	5.0	False	0
1661	['bike']	2007-10-23 00:49:20	2007-10-23 00:49:39	110.06271399204923	6.0	-3.0	False	0
1662	['bike']	2007-10-23 00:49:39	2007-10-23 00:49:51	179.42800956720447	15.0	9.0	False	0
1663	['bike']	2007-10-23 00:49:51	2007-10-23 00:51:18	183.1972250754092	2.0	-13.0	False	0
1664	['bike']	2007-10-23 00:51:18	2007-10-23 00:52:05	183.9389031740254	4.0	2.0	False	0
1665	['bike']	2007-10-23 00:52:05	2007-10-23 00:52:51	1177.3603846296232	26.0	22.0	False	0
1666	['bike']	2007-10-23 00:52:51	2007-10-23 00:56:31	1115.6940249538995	5.0	-21.0	False	0
1667	['bike']	2007-10-23 00:56:31	2007-10-23 00:57:28	153.74417286039125	3.0	-2.0	False	0
1668	['bike']	2007-10-23 00:57:28	2007-10-23 00:57:32	121.88794583850749	30.0	27.0	False	0
