	transMode	startDate	endDate	distance	speed	acceleration	hasChangepoint	hasStopPoint
24243	['bus']	2009-04-22 22:40:12	2009-04-22 22:41:42	101.11683337164675	1.0	-399.0	False	0
24244	['bus']	2009-04-22 22:41:42	2009-04-22 22:41:52	103.07468057622789	10.0	9.0	False	0
24245	['bus']	2009-04-22 22:41:52	2009-04-22 22:42:17	111.88883665758281	4.0	-6.0	False	0
24246	['bus']	2009-04-22 22:42:17	2009-04-22 22:42:37	100.61458106572579	5.0	1.0	False	0
24247	['bus']	2009-04-22 22:42:37	2009-04-22 22:43:27	101.18188058239618	2.0	-3.0	False	0
24248	['bus']	2009-04-22 22:43:27	2009-04-22 22:45:22	100.51116831469524	1.0	-1.0	False	4
24249	['bus']	2009-04-22 22:45:22	2009-04-22 22:46:57	118.94292437762235	1.0	0.0	False	3
24250	['bus']	2009-04-22 22:46:57	2009-04-22 22:47:17	110.48968716704069	6.0	5.0	False	0
24251	['bus']	2009-04-22 22:47:17	2009-04-22 22:48:02	102.41170763507313	2.0	-4.0	False	1
24252	['bus']	2009-04-22 22:48:02	2009-04-22 22:48:17	100.75086549330462	7.0	5.0	False	0
24253	['bus']	2009-04-22 22:48:17	2009-04-22 22:48:32	114.57159034692364	8.0	1.0	False	0
24254	['bus']	2009-04-22 22:48:32	2009-04-22 22:50:42	116.15336968000844	1.0	-7.0	False	4
24255	['bus']	2009-04-22 22:50:42	2009-04-22 22:51:17	104.89220346254916	3.0	2.0	False	0
24256	['bus']	2009-04-22 22:51:17	2009-04-22 22:51:37	108.56666597963051	5.0	2.0	False	0
24257	['bus']	2009-04-22 22:51:37	2009-04-22 22:52:02	104.68744601936372	4.0	-1.0	False	0
24258	['bus']	2009-04-22 22:52:02	2009-04-22 22:53:22	103.0134048643053	1.0	-3.0	False	2
24259	['bus']	2009-04-22 22:53:22	2009-04-22 22:53:47	104.97323341595836	4.0	3.0	False	0
24260	['bus']	2009-04-22 22:53:47	2009-04-22 22:54:42	115.33406312766039	2.0	-2.0	False	0
24261	['bus']	2009-04-22 22:54:42	2009-04-22 22:55:02	101.13834396505	5.0	3.0	False	0
24262	['bus']	2009-04-22 22:55:02	2009-04-22 22:55:52	106.01809556833086	2.0	-3.0	False	1
24263	['bus']	2009-04-22 22:55:52	2009-04-22 22:56:17	123.02204648185881	5.0	3.0	False	0
24264	['bus']	2009-04-22 22:56:17	2009-04-22 22:56:42	110.78527660669036	4.0	-1.0	False	0
24265	['bus']	2009-04-22 22:56:42	2009-04-22 22:57:27	112.90325114978657	3.0	-1.0	False	0
24266	['bus']	2009-04-22 22:57:27	2009-04-22 22:57:42	108.2140424046706	7.0	4.0	False	0
24267	['bus']	2009-04-22 22:57:42	2009-04-22 22:57:52	112.01239119679776	11.0	4.0	False	0
24268	['bus']	2009-04-22 22:57:52	2009-04-22 22:58:02	102.52562532553478	10.0	-1.0	False	0
24269	['bus']	2009-04-22 22:58:02	2009-04-22 22:58:12	120.5305987619148	12.0	2.0	False	0
24270	['bus']	2009-04-22 22:58:12	2009-04-22 22:58:22	115.88300861955122	12.0	0.0	False	0
24271	['bus']	2009-04-22 22:58:22	2009-04-22 22:58:32	131.93106672280518	13.0	1.0	False	0
24272	['bus']	2009-04-22 22:58:32	2009-04-22 22:58:52	100.1899216352455	5.0	-8.0	False	0
24273	['bus']	2009-04-22 22:58:52	2009-04-22 22:59:07	102.33401591756649	7.0	2.0	False	0
24274	['bus']	2009-04-22 22:59:07	2009-04-22 22:59:22	133.75688224591966	9.0	2.0	False	0
24275	['bus']	2009-04-22 22:59:22	2009-04-22 22:59:32	150.3122261653888	15.0	6.0	False	0
24276	['bus']	2009-04-22 22:59:32	2009-04-22 22:59:42	109.7077478100274	11.0	-4.0	False	0
24277	['bus']	2009-04-22 22:59:42	2009-04-22 23:00:02	115.85089897958866	6.0	-5.0	False	0
24278	['bus']	2009-04-22 23:00:02	2009-04-22 23:00:12	101.08207167394312	10.0	4.0	False	0
24279	['bus']	2009-04-22 23:00:12	2009-04-22 23:00:27	102.67396448131491	7.0	-3.0	False	0
24280	['bus']	2009-04-22 23:00:27	2009-04-22 23:00:52	105.5026323964095	4.0	-3.0	False	0
24281	['bus']	2009-04-22 23:00:52	2009-04-22 23:01:52	119.33863401799005	2.0	-2.0	False	1
24282	['bus']	2009-04-22 23:01:52	2009-04-22 23:02:27	117.62820181719962	3.0	1.0	False	0
24283	['bus']	2009-04-22 23:02:27	2009-04-22 23:03:07	112.15899266239487	3.0	0.0	False	0
24284	['bus']	2009-04-22 23:03:07	2009-04-22 23:03:27	106.15651116195194	5.0	2.0	False	0
24285	['bus']	2009-04-22 23:03:27	2009-04-22 23:03:42	112.15447102869592	7.0	2.0	False	0
24286	['bus']	2009-04-22 23:03:42	2009-04-22 23:04:02	100.95914045567852	5.0	-2.0	False	0
24287	['bus']	2009-04-22 23:04:02	2009-04-22 23:04:17	108.91926572201712	7.0	2.0	False	0
24288	['bus']	2009-04-22 23:04:17	2009-04-22 23:04:22	104.0193640758283	21.0	14.0	False	0
24289	['bus']	2009-04-22 23:04:22	2009-04-22 23:04:27	108.55085795884644	22.0	1.0	False	0
24290	['bus']	2009-04-22 23:04:27	2009-04-22 23:04:32	107.76638616740414	22.0	0.0	False	0
24291	['bus']	2009-04-22 23:04:32	2009-04-22 23:04:37	101.65014954377911	20.0	-2.0	False	0
24292	['bus']	2009-04-22 23:04:37	2009-04-22 23:04:47	119.61415561907762	12.0	-8.0	False	0
24293	['bus']	2009-04-22 23:04:47	2009-04-22 23:05:07	106.37046649083156	5.0	-7.0	False	0
24294	['bus']	2009-04-22 23:05:07	2009-04-22 23:05:12	101.32149398854042	20.0	15.0	False	0
24295	['bus']	2009-04-22 23:05:12	2009-04-22 23:05:17	121.72784629962663	24.0	4.0	False	0
24296	['bus']	2009-04-22 23:05:17	2009-04-22 23:05:22	131.88796127121128	26.0	2.0	False	0
24297	['bus']	2009-04-22 23:05:22	2009-04-22 23:05:27	139.2370215435734	28.0	2.0	False	0
24298	['bus']	2009-04-22 23:05:27	2009-04-22 23:05:32	121.96206941298732	24.0	-4.0	False	0
24299	['bus']	2009-04-22 23:05:32	2009-04-22 23:05:42	147.72164852421824	15.0	-9.0	False	0
24300	['bus']	2009-04-22 23:05:42	2009-04-22 23:05:47	118.74811850604348	24.0	9.0	False	0
24301	['bus']	2009-04-22 23:05:47	2009-04-22 23:05:52	121.03116922397311	24.0	0.0	False	0
24302	['bus']	2009-04-22 23:05:52	2009-04-22 23:06:02	110.27820373093738	11.0	-13.0	False	0
24303	['bus']	2009-04-22 23:06:02	2009-04-22 23:06:57	106.73725738934134	2.0	-9.0	False	0
24304	['bus']	2009-04-22 23:06:57	2009-04-22 23:07:22	132.69208132301475	5.0	3.0	False	0
24305	['bus']	2009-04-22 23:07:22	2009-04-22 23:07:27	119.32770927378536	24.0	19.0	False	0
24306	['bus']	2009-04-22 23:07:27	2009-04-22 23:07:32	124.21896514979356	25.0	1.0	False	0
24307	['bus']	2009-04-22 23:07:32	2009-04-22 23:07:37	124.3203140341838	25.0	0.0	False	0
24308	['bus']	2009-04-22 23:07:37	2009-04-22 23:07:42	121.98582850160855	24.0	-1.0	False	0
24309	['bus']	2009-04-22 23:07:42	2009-04-22 23:07:47	124.54543918924863	25.0	1.0	False	0
24310	['bus']	2009-04-22 23:07:47	2009-04-22 23:07:52	126.3571555939208	25.0	0.0	False	0
24311	['bus']	2009-04-22 23:07:52	2009-04-22 23:07:57	122.91612856395938	25.0	0.0	False	0
24312	['bus']	2009-04-22 23:07:57	2009-04-22 23:08:02	121.66843734673631	24.0	-1.0	False	0
24313	['bus']	2009-04-22 23:08:02	2009-04-22 23:08:07	114.77117435695493	23.0	-1.0	False	0
24314	['bus']	2009-04-22 23:08:07	2009-04-22 23:08:17	138.33696423466978	14.0	-9.0	False	0
24315	['bus']	2009-04-22 23:08:17	2009-04-22 23:09:07	101.84597394643254	2.0	-12.0	False	1
24316	['bus']	2009-04-22 23:09:07	2009-04-22 23:09:57	101.14357025744611	2.0	0.0	False	1
24317	['bus']	2009-04-22 23:09:57	2009-04-22 23:10:22	104.82588175116963	4.0	2.0	False	0
24318	['bus']	2009-04-22 23:10:22	2009-04-22 23:11:07	114.61197601873116	3.0	-1.0	False	1
24319	['bus']	2009-04-22 23:11:07	2009-04-22 23:12:27	100.35270130352009	1.0	-2.0	False	1
24320	['bus']	2009-04-22 23:12:27	2009-04-22 23:13:12	113.4301327632922	3.0	2.0	False	0
24321	['bus']	2009-04-22 23:13:12	2009-04-22 23:14:17	100.47373046480324	2.0	-1.0	False	0
24322	['bus']	2009-04-22 23:14:17	2009-04-22 23:15:07	100.39847898819059	2.0	0.0	False	0
24323	['bus']	2009-04-22 23:15:07	2009-04-22 23:15:32	108.0631071362791	4.0	2.0	False	0
24324	['bus']	2009-04-22 23:15:32	2009-04-22 23:17:02	109.1796449267769	1.0	-3.0	False	0
24325	['bus']	2009-04-22 23:17:02	2009-04-22 23:17:37	110.44271567309642	3.0	2.0	False	0
24326	['bus']	2009-04-22 23:17:37	2009-04-22 23:18:02	112.12345640992164	4.0	1.0	False	0
24327	['bus']	2009-04-22 23:18:02	2009-04-22 23:19:02	104.86773130174497	2.0	-2.0	False	0
24328	['bus']	2009-04-22 23:19:02	2009-04-22 23:20:27	126.33740097699544	1.0	-1.0	False	1
24329	['bus']	2009-04-22 23:20:27	2009-04-22 23:21:02	103.58327309712737	3.0	2.0	False	0
24330	['bus']	2009-04-22 23:21:02	2009-04-22 23:21:57	108.92728300141276	2.0	-1.0	False	1
24331	['bus']	2009-04-22 23:21:57	2009-04-22 23:22:17	108.10503478856606	5.0	3.0	False	0
24332	['bus']	2009-04-22 23:22:17	2009-04-22 23:22:32	101.5161155436417	7.0	2.0	False	0
24333	['bus']	2009-04-22 23:22:32	2009-04-22 23:22:52	116.81255697070551	6.0	-1.0	False	0
24334	['bus']	2009-04-22 23:22:52	2009-04-22 23:23:07	299.1937990013994	20.0	14.0	False	0
24335	['walk']	2009-04-22 23:23:07	2009-04-22 23:24:33	263.97845028627	3.0	-17.0	False	0
24336	['walk']	2009-04-22 23:24:33	2009-04-22 23:25:28	101.58480421270573	2.0	-1.0	False	0
24337	['walk']	2009-04-22 23:25:28	2009-04-22 23:26:38	100.42113210141152	1.0	-1.0	False	0
24338	['walk']	2009-04-22 23:26:38	2009-04-22 23:27:38	106.63359143468105	2.0	1.0	False	0
24339	['walk']	2009-04-22 23:27:38	2009-04-22 23:28:28	100.11578796719354	2.0	0.0	False	0
24340	['walk']	2009-04-22 23:28:28	2009-04-22 23:29:08	110.8320413968847	3.0	1.0	False	0
24341	['walk']	2009-04-22 23:29:08	2009-04-22 23:29:58	105.34204307770696	2.0	-1.0	False	0
24342	['walk']	2009-04-22 23:29:58	2009-04-22 23:31:28	107.8918881181978	1.0	-1.0	False	0
24343	['walk']	2009-04-22 23:31:28	2009-04-22 23:32:53	101.83112775291028	1.0	0.0	False	1
24344	['walk', 'bus']	2009-04-22 23:32:53	2009-04-22 23:34:58	389.4720506689994	3.0	2.0	True	1
