	transMode	startDate	endDate	distance	speed	acceleration	hasChangepoint	hasStopPoint
13976	['bus']	2008-12-17 00:37:31	2008-12-17 00:38:13	102.00222570225388	2.0	1.0	False	0
13977	['bus']	2008-12-17 00:38:13	2008-12-17 00:38:33	180.85648553590767	9.0	7.0	False	0
13978	['bus']	2008-12-17 00:38:33	2008-12-17 00:38:37	149.55014908275652	37.0	28.0	False	0
13979	['bus']	2008-12-17 00:38:37	2008-12-17 00:39:05	101.0650510612721	4.0	-33.0	False	0
13980	['bus']	2008-12-17 00:39:05	2008-12-17 00:41:07	100.80224534378733	1.0	-3.0	False	0
13981	['bus']	2008-12-17 00:41:07	2008-12-17 00:41:57	110.7744958727219	2.0	1.0	False	0
13982	['bus']	2008-12-17 00:41:57	2008-12-17 00:44:27	100.34342042996498	1.0	-1.0	False	0
13983	['bus']	2008-12-17 00:44:27	2008-12-17 00:45:21	109.01137368463634	2.0	1.0	False	0
13984	['bus']	2008-12-17 00:45:21	2008-12-17 00:45:39	101.57998222701002	6.0	4.0	False	0
13985	['bus']	2008-12-17 00:45:39	2008-12-17 00:46:35	109.13019664878114	2.0	-4.0	False	0
13986	['bus']	2008-12-17 00:46:35	2008-12-17 00:47:27	100.69606533449347	2.0	0.0	False	0
13987	['bus']	2008-12-17 00:47:27	2008-12-17 00:50:43	100.10549275331982	1.0	-1.0	False	1
13988	['bus']	2008-12-17 00:50:43	2008-12-17 00:51:57	103.87610528130554	1.0	0.0	False	1
13989	['bus']	2008-12-17 00:51:57	2008-12-17 00:52:15	102.46256170921171	6.0	5.0	False	0
13990	['bus']	2008-12-17 00:52:15	2008-12-17 00:52:53	105.70138465643001	3.0	-3.0	False	0
13991	['bus']	2008-12-17 00:52:53	2008-12-17 00:53:39	104.75079159682141	2.0	-1.0	False	0
13992	['bus']	2008-12-17 00:53:39	2008-12-17 00:53:59	103.20795922641814	5.0	3.0	False	0
13993	['bus']	2008-12-17 00:53:59	2008-12-17 00:55:11	101.00069864703224	1.0	-4.0	False	1
13994	['bus']	2008-12-17 00:55:11	2008-12-17 00:56:01	103.24633245410277	2.0	1.0	False	1
13995	['bus']	2008-12-17 00:56:01	2008-12-17 00:56:25	104.43729092153907	4.0	2.0	False	0
13996	['bus']	2008-12-17 00:56:25	2008-12-17 00:56:53	111.46868641131172	4.0	0.0	False	0
13997	['bus']	2008-12-17 00:56:53	2008-12-17 00:57:01	108.99906806437967	14.0	10.0	False	0
13998	['bus']	2008-12-17 00:57:01	2008-12-17 00:57:27	109.72881291299261	4.0	-10.0	False	1
13999	['bus']	2008-12-17 00:57:27	2008-12-17 00:57:37	106.93947881321876	11.0	7.0	False	0
14000	['bus']	2008-12-17 00:57:37	2008-12-17 00:57:45	125.01227133532193	16.0	5.0	False	0
14001	['bus']	2008-12-17 00:57:45	2008-12-17 00:57:51	104.34844857475902	17.0	1.0	False	0
14002	['bus']	2008-12-17 00:57:51	2008-12-17 00:57:59	126.23290040991546	16.0	-1.0	False	0
14003	['bus']	2008-12-17 00:57:59	2008-12-17 00:58:05	111.79010656061169	19.0	3.0	False	0
14004	['bus']	2008-12-17 00:58:05	2008-12-17 00:58:11	103.36170478830401	17.0	-2.0	False	0
14005	['bus']	2008-12-17 00:58:11	2008-12-17 00:58:19	100.57641326173241	13.0	-4.0	False	0
14006	['bus']	2008-12-17 00:58:19	2008-12-17 00:58:59	109.6508379132551	3.0	-10.0	False	1
14007	['bus']	2008-12-17 00:58:59	2008-12-17 00:59:11	114.58839266174125	10.0	7.0	False	0
14008	['bus']	2008-12-17 00:59:11	2008-12-17 00:59:19	101.60818955077904	13.0	3.0	False	0
14009	['bus']	2008-12-17 00:59:19	2008-12-17 01:01:01	105.963997652906	1.0	-12.0	False	6
14010	['bus']	2008-12-17 01:01:01	2008-12-17 01:01:15	105.07917876229703	8.0	7.0	False	0
14011	['bus']	2008-12-17 01:01:15	2008-12-17 01:01:35	106.71506098345506	5.0	-3.0	False	0
14012	['bus']	2008-12-17 01:01:35	2008-12-17 01:01:53	103.96837218341253	6.0	1.0	False	0
14013	['bus']	2008-12-17 01:01:53	2008-12-17 01:02:33	107.74614281643518	3.0	-3.0	False	0
14014	['bus']	2008-12-17 01:02:33	2008-12-17 01:02:51	106.60278255493881	6.0	3.0	False	0
14015	['bus']	2008-12-17 01:02:51	2008-12-17 01:03:35	109.88372689328762	2.0	-4.0	False	1
14016	['bus']	2008-12-17 01:03:35	2008-12-17 01:03:51	104.62801165607532	7.0	5.0	False	0
14017	['bus']	2008-12-17 01:03:51	2008-12-17 01:04:55	103.93762129308848	2.0	-5.0	False	0
14018	['bus']	2008-12-17 01:04:55	2008-12-17 01:05:17	110.77212101571295	5.0	3.0	False	0
14019	['bus']	2008-12-17 01:05:17	2008-12-17 01:05:29	113.11017137849582	9.0	4.0	False	0
14020	['bus']	2008-12-17 01:05:29	2008-12-17 01:05:43	100.84547814707457	7.0	-2.0	False	0
14021	['bus']	2008-12-17 01:05:43	2008-12-17 01:06:07	103.68343166841302	4.0	-3.0	False	0
14022	['bus']	2008-12-17 01:06:07	2008-12-17 01:06:37	111.30164779875024	4.0	0.0	False	0
14023	['bus']	2008-12-17 01:06:37	2008-12-17 01:06:45	107.11436417400598	13.0	9.0	False	0
14024	['bus']	2008-12-17 01:06:45	2008-12-17 01:06:51	108.49369109332626	18.0	5.0	False	0
14025	['bus']	2008-12-17 01:06:51	2008-12-17 01:06:57	103.70154600725886	17.0	-1.0	False	0
14026	['bus']	2008-12-17 01:06:57	2008-12-17 01:07:05	118.2687480605305	15.0	-2.0	False	0
14027	['bus']	2008-12-17 01:07:05	2008-12-17 01:07:13	124.6152119925087	16.0	1.0	False	0
14028	['bus']	2008-12-17 01:07:13	2008-12-17 01:07:21	113.81223241290193	14.0	-2.0	False	0
14029	['bus']	2008-12-17 01:07:21	2008-12-17 01:07:31	100.77663099124896	10.0	-4.0	False	0
14030	['bus']	2008-12-17 01:07:31	2008-12-17 01:08:19	105.59844375863247	2.0	-8.0	False	0
14031	['bus']	2008-12-17 01:08:19	2008-12-17 01:08:49	106.19782721449275	4.0	2.0	False	0
14032	['bus']	2008-12-17 01:08:49	2008-12-17 01:08:57	119.6894118570965	15.0	11.0	False	0
14033	['bus']	2008-12-17 01:08:57	2008-12-17 01:09:03	119.45442399723706	20.0	5.0	False	0
14034	['bus']	2008-12-17 01:09:03	2008-12-17 01:09:09	123.4354121869105	21.0	1.0	False	0
14035	['bus']	2008-12-17 01:09:09	2008-12-17 01:09:15	126.01117352694993	21.0	0.0	False	0
14036	['bus']	2008-12-17 01:09:15	2008-12-17 01:09:21	114.20686582740917	19.0	-2.0	False	0
14037	['bus']	2008-12-17 01:09:21	2008-12-17 01:09:27	117.76654878619465	20.0	1.0	False	0
14038	['bus']	2008-12-17 01:09:27	2008-12-17 01:09:33	107.0962794033938	18.0	-2.0	False	0
14039	['bus']	2008-12-17 01:09:33	2008-12-17 01:09:55	100.53623466429389	5.0	-13.0	False	0
14040	['bus']	2008-12-17 01:09:55	2008-12-17 01:10:55	110.72663105736535	2.0	-3.0	False	0
14041	['bus']	2008-12-17 01:10:55	2008-12-17 01:11:15	101.5110354413318	5.0	3.0	False	0
14042	['bus']	2008-12-17 01:11:15	2008-12-17 01:11:57	106.7841311540508	3.0	-2.0	False	0
14043	['bus']	2008-12-17 01:11:57	2008-12-17 01:13:35	103.29890709510441	1.0	-2.0	False	1
14044	['bus']	2008-12-17 01:13:35	2008-12-17 01:14:03	102.41226844808544	4.0	3.0	False	0
14045	['bus']	2008-12-17 01:14:03	2008-12-17 01:15:37	104.48972257958577	1.0	-3.0	False	0
14046	['bus']	2008-12-17 01:15:37	2008-12-17 01:16:21	102.014492080624	2.0	1.0	False	0
14047	['bus']	2008-12-17 01:16:21	2008-12-17 01:17:05	106.38888196144828	2.0	0.0	False	0
14048	['bus']	2008-12-17 01:17:05	2008-12-17 01:17:55	105.03933602230774	2.0	0.0	False	0
14049	['bus']	2008-12-17 01:17:55	2008-12-17 01:18:15	100.06185455770927	5.0	3.0	False	0
14050	['bus']	2008-12-17 01:18:15	2008-12-17 01:19:07	102.08933683768136	2.0	-3.0	False	0
14051	['bus']	2008-12-17 01:19:07	2008-12-17 01:20:03	106.26206270404788	2.0	0.0	False	0
14052	['bus']	2008-12-17 01:20:03	2008-12-17 01:20:23	102.45444483614966	5.0	3.0	False	0
14053	['bus']	2008-12-17 01:20:23	2008-12-17 01:21:27	101.47328013559492	2.0	-3.0	False	0
14054	['bus']	2008-12-17 01:21:27	2008-12-17 01:22:11	102.8130362960461	2.0	0.0	False	0
14055	['bus']	2008-12-17 01:22:11	2008-12-17 01:22:33	104.49563845151026	5.0	3.0	False	0
14056	['bus']	2008-12-17 01:22:33	2008-12-17 01:22:55	103.49956196051248	5.0	0.0	False	0
14057	['bus']	2008-12-17 01:22:55	2008-12-17 01:23:49	103.09166719019251	2.0	-3.0	False	0
14058	['bus']	2008-12-17 01:23:49	2008-12-17 01:24:19	101.52807151783946	3.0	1.0	False	0
14059	['bus']	2008-12-17 01:24:19	2008-12-17 01:25:13	104.86766187067944	2.0	-1.0	False	1
14060	['bus']	2008-12-17 01:25:13	2008-12-17 01:25:35	102.69288887918718	5.0	3.0	False	0
14061	['bus']	2008-12-17 01:25:35	2008-12-17 01:27:11	107.77232888994334	1.0	-4.0	False	4
14062	['bus']	2008-12-17 01:27:11	2008-12-17 01:27:49	100.50676814874808	3.0	2.0	False	0
14063	['bus', 'walk']	2008-12-17 01:27:49	2008-12-17 01:29:34	100.52436096383117	1.0	-2.0	True	0
14064	['walk']	2008-12-17 01:29:34	2008-12-17 01:30:32	102.83422981242961	2.0	1.0	False	0
14065	['walk']	2008-12-17 01:30:32	2008-12-17 01:31:22	102.31069840280242	2.0	0.0	False	0
14066	['walk']	2008-12-17 01:31:22	2008-12-17 01:32:12	100.16162776855339	2.0	0.0	False	0
14067	['walk']	2008-12-17 01:32:12	2008-12-17 01:33:50	100.15142829862815	1.0	-1.0	False	0
14068	['walk']	2008-12-17 01:33:50	2008-12-17 01:34:48	212.8182064873908	4.0	3.0	False	0
14069	['walk']	2008-12-17 01:34:48	2008-12-17 01:34:58	158.06737779935557	16.0	12.0	False	0
14070	['walk']	2008-12-17 01:34:58	2008-12-17 01:35:38	1755.548018192554	44.0	28.0	False	0
