	transMode	startDate	endDate	distance	speed	acceleration	hasChangepoint	hasStopPoint
25624	['bus']	2009-05-09 02:58:57	2009-05-09 02:59:02	122.67482278630808	25.0	-274.0	False	0
25625	['bus']	2009-05-09 02:59:02	2009-05-09 02:59:07	104.00573603485462	21.0	-4.0	False	0
25626	['bus']	2009-05-09 02:59:07	2009-05-09 02:59:12	128.93423632594715	26.0	5.0	False	0
25627	['bus']	2009-05-09 02:59:12	2009-05-09 02:59:17	134.41845808914002	27.0	1.0	False	0
25628	['bus']	2009-05-09 02:59:17	2009-05-09 02:59:22	132.5942363996967	27.0	0.0	False	0
25629	['bus']	2009-05-09 02:59:22	2009-05-09 02:59:27	147.24417925628944	29.0	2.0	False	0
25630	['bus']	2009-05-09 02:59:27	2009-05-09 02:59:32	166.33477912383012	33.0	4.0	False	0
25631	['bus']	2009-05-09 02:59:32	2009-05-09 02:59:37	152.10588592302904	30.0	-3.0	False	0
25632	['bus']	2009-05-09 02:59:37	2009-05-09 02:59:42	131.10770129948412	26.0	-4.0	False	0
25633	['bus']	2009-05-09 02:59:42	2009-05-09 02:59:47	124.84852882396491	25.0	-1.0	False	0
25634	['bus']	2009-05-09 02:59:47	2009-05-09 02:59:52	120.26170249492094	24.0	-1.0	False	0
25635	['bus']	2009-05-09 02:59:52	2009-05-09 02:59:57	128.08491930834236	26.0	2.0	False	0
25636	['bus']	2009-05-09 02:59:57	2009-05-09 03:00:02	137.1864991600538	27.0	1.0	False	0
25637	['bus']	2009-05-09 03:00:02	2009-05-09 03:00:07	142.03544057435113	28.0	1.0	False	0
25638	['bus']	2009-05-09 03:00:07	2009-05-09 03:00:12	143.76830502610255	29.0	1.0	False	0
25639	['bus']	2009-05-09 03:00:12	2009-05-09 03:00:17	144.05758224626354	29.0	0.0	False	0
25640	['bus']	2009-05-09 03:00:17	2009-05-09 03:00:22	149.03893868873	30.0	1.0	False	0
25641	['bus']	2009-05-09 03:00:22	2009-05-09 03:00:27	146.11257102538696	29.0	-1.0	False	0
25642	['bus']	2009-05-09 03:00:27	2009-05-09 03:00:32	132.60877837199757	27.0	-2.0	False	0
25643	['bus']	2009-05-09 03:00:32	2009-05-09 03:00:37	107.7350951152381	22.0	-5.0	False	0
25644	['bus']	2009-05-09 03:00:37	2009-05-09 03:00:47	119.36940760018902	12.0	-10.0	False	0
25645	['bus']	2009-05-09 03:00:47	2009-05-09 03:01:07	114.52944926566667	6.0	-6.0	False	0
25646	['bus']	2009-05-09 03:01:07	2009-05-09 03:02:02	136.79067495177662	2.0	-4.0	False	0
25647	['bus']	2009-05-09 03:02:02	2009-05-09 03:02:12	155.0515225268535	16.0	14.0	False	0
25648	['bus']	2009-05-09 03:02:12	2009-05-09 03:02:17	133.9518869254191	27.0	11.0	False	0
25649	['bus']	2009-05-09 03:02:17	2009-05-09 03:02:22	135.1635698537483	27.0	0.0	False	0
25650	['bus']	2009-05-09 03:02:22	2009-05-09 03:02:27	133.1679742781397	27.0	0.0	False	0
25651	['bus']	2009-05-09 03:02:27	2009-05-09 03:02:32	134.31218593595173	27.0	0.0	False	0
25652	['bus']	2009-05-09 03:02:32	2009-05-09 03:02:37	129.32926482840207	26.0	-1.0	False	0
25653	['bus']	2009-05-09 03:02:37	2009-05-09 03:02:42	123.91510644970259	25.0	-1.0	False	0
25654	['bus']	2009-05-09 03:02:42	2009-05-09 03:02:47	123.12254373751864	25.0	0.0	False	0
25655	['bus']	2009-05-09 03:02:47	2009-05-09 03:02:52	120.61460234074468	24.0	-1.0	False	0
25656	['bus']	2009-05-09 03:02:52	2009-05-09 03:02:57	125.1563446084536	25.0	1.0	False	0
25657	['bus']	2009-05-09 03:02:57	2009-05-09 03:03:02	132.4973558481436	26.0	1.0	False	0
25658	['bus']	2009-05-09 03:03:02	2009-05-09 03:03:07	141.26115268052246	28.0	2.0	False	0
25659	['bus']	2009-05-09 03:03:07	2009-05-09 03:03:12	146.09500924532622	29.0	1.0	False	0
25660	['bus']	2009-05-09 03:03:12	2009-05-09 03:03:17	1235.2828290775903	247.0	218.0	False	0
25661	['bus']	2009-05-09 03:03:17	2009-05-09 03:04:37	1303.3841679422762	16.0	-231.0	False	0
25662	['bus']	2009-05-09 03:04:37	2009-05-09 03:04:42	256.3554007820772	51.0	35.0	False	0
25663	['bus']	2009-05-09 03:04:42	2009-05-09 03:04:47	238.49561880157114	48.0	-3.0	False	0
25664	['bus']	2009-05-09 03:04:47	2009-05-09 03:04:52	239.67085389633957	48.0	0.0	False	0
25665	['bus']	2009-05-09 03:04:52	2009-05-09 03:04:57	232.17818401503996	46.0	-2.0	False	0
25666	['bus']	2009-05-09 03:04:57	2009-05-09 03:05:02	225.12602260236662	45.0	-1.0	False	0
25667	['bus']	2009-05-09 03:05:02	2009-05-09 03:05:07	212.17584419516885	42.0	-3.0	False	0
25668	['bus']	2009-05-09 03:05:07	2009-05-09 03:05:12	185.23065120552616	37.0	-5.0	False	0
25669	['bus']	2009-05-09 03:05:12	2009-05-09 03:05:17	152.81330291218296	31.0	-6.0	False	0
25670	['bus']	2009-05-09 03:05:17	2009-05-09 03:05:22	129.87852889926825	26.0	-5.0	False	0
25671	['bus']	2009-05-09 03:05:22	2009-05-09 03:05:27	109.3166706150975	22.0	-4.0	False	0
25672	['bus']	2009-05-09 03:05:27	2009-05-09 03:05:57	107.84888054820894	4.0	-18.0	False	0
25673	['bus']	2009-05-09 03:05:57	2009-05-09 03:06:22	101.94771430428851	4.0	0.0	False	0
25674	['bus']	2009-05-09 03:06:22	2009-05-09 03:06:32	159.9906275804371	16.0	12.0	False	0
25675	['bus']	2009-05-09 03:06:32	2009-05-09 03:06:37	234.94475978139008	47.0	31.0	False	0
25676	['bus']	2009-05-09 03:06:37	2009-05-09 03:06:42	267.10860268736195	53.0	6.0	False	0
25677	['bus']	2009-05-09 03:06:42	2009-05-09 03:06:47	280.8954321033342	56.0	3.0	False	0
25678	['bus']	2009-05-09 03:06:47	2009-05-09 03:06:52	269.2067471746726	54.0	-2.0	False	0
25679	['bus']	2009-05-09 03:06:52	2009-05-09 03:06:57	251.98841974996068	50.0	-4.0	False	0
25680	['bus']	2009-05-09 03:06:57	2009-05-09 03:07:02	267.28127812867336	53.0	3.0	False	0
25681	['bus']	2009-05-09 03:07:02	2009-05-09 03:07:07	269.2359103953118	54.0	1.0	False	0
25682	['bus']	2009-05-09 03:07:07	2009-05-09 03:07:12	253.6044581758906	51.0	-3.0	False	0
25683	['bus']	2009-05-09 03:07:12	2009-05-09 03:07:17	253.68569783009434	51.0	0.0	False	0
25684	['bus']	2009-05-09 03:07:17	2009-05-09 03:07:22	247.6814119235047	50.0	-1.0	False	0
25685	['bus']	2009-05-09 03:07:22	2009-05-09 03:07:27	225.93384748120394	45.0	-5.0	False	0
25686	['bus']	2009-05-09 03:07:27	2009-05-09 03:07:32	194.91214315270435	39.0	-6.0	False	0
25687	['bus']	2009-05-09 03:07:32	2009-05-09 03:07:37	167.6842743346287	34.0	-5.0	False	0
25688	['bus']	2009-05-09 03:07:37	2009-05-09 03:07:42	137.77290863520378	28.0	-6.0	False	0
25689	['bus']	2009-05-09 03:07:42	2009-05-09 03:07:47	115.31256689010222	23.0	-5.0	False	0
25690	['bus']	2009-05-09 03:07:47	2009-05-09 03:07:57	106.0146997953138	11.0	-12.0	False	0
25691	['bus']	2009-05-09 03:07:57	2009-05-09 03:08:52	107.61515777392032	2.0	-9.0	False	1
25692	['bus']	2009-05-09 03:08:52	2009-05-09 03:08:57	162.37720663969503	32.0	30.0	False	0
25693	['bus']	2009-05-09 03:08:57	2009-05-09 03:09:02	241.79646568165043	48.0	16.0	False	0
25694	['bus']	2009-05-09 03:09:02	2009-05-09 03:09:07	258.5102334267418	52.0	4.0	False	0
25695	['bus']	2009-05-09 03:09:07	2009-05-09 03:09:12	273.48985755115956	55.0	3.0	False	0
25696	['bus']	2009-05-09 03:09:12	2009-05-09 03:09:17	266.2530501314093	53.0	-2.0	False	0
25697	['bus']	2009-05-09 03:09:17	2009-05-09 03:09:22	255.69517357306745	51.0	-2.0	False	0
25698	['bus']	2009-05-09 03:09:22	2009-05-09 03:09:27	253.06343707389993	51.0	0.0	False	0
25699	['bus']	2009-05-09 03:09:27	2009-05-09 03:09:32	249.23442110204047	50.0	-1.0	False	0
25700	['bus']	2009-05-09 03:09:32	2009-05-09 03:09:37	247.90133492563638	50.0	0.0	False	0
25701	['bus']	2009-05-09 03:09:37	2009-05-09 03:09:42	245.15080655841402	49.0	-1.0	False	0
25702	['bus']	2009-05-09 03:09:42	2009-05-09 03:09:47	242.56557070886174	49.0	0.0	False	0
25703	['bus']	2009-05-09 03:09:47	2009-05-09 03:09:52	245.65528383322484	49.0	0.0	False	0
25704	['bus']	2009-05-09 03:09:52	2009-05-09 03:09:57	244.89105436868124	49.0	0.0	False	0
25705	['bus']	2009-05-09 03:09:57	2009-05-09 03:10:02	241.9149912443122	48.0	-1.0	False	0
25706	['bus']	2009-05-09 03:10:02	2009-05-09 03:10:07	241.23361652457982	48.0	0.0	False	0
25707	['bus']	2009-05-09 03:10:07	2009-05-09 03:10:12	242.64680643554271	49.0	1.0	False	0
25708	['bus']	2009-05-09 03:10:12	2009-05-09 03:10:17	245.27112078504382	49.0	0.0	False	0
25709	['bus']	2009-05-09 03:10:17	2009-05-09 03:10:22	249.71571811494061	50.0	1.0	False	0
25710	['bus']	2009-05-09 03:10:22	2009-05-09 03:10:27	237.76027534295508	48.0	-2.0	False	0
25711	['bus']	2009-05-09 03:10:27	2009-05-09 03:10:32	204.41733533264886	41.0	-7.0	False	0
25712	['bus']	2009-05-09 03:10:32	2009-05-09 03:10:37	169.66003099313426	34.0	-7.0	False	0
25713	['bus']	2009-05-09 03:10:37	2009-05-09 03:10:42	142.0103802578331	28.0	-6.0	False	0
25714	['bus']	2009-05-09 03:10:42	2009-05-09 03:10:47	129.10677106740735	26.0	-2.0	False	0
25715	['bus']	2009-05-09 03:10:47	2009-05-09 03:10:52	112.50025458048086	23.0	-3.0	False	0
25716	['bus']	2009-05-09 03:10:52	2009-05-09 03:11:07	117.14106657799974	8.0	-15.0	False	0
25717	['bus']	2009-05-09 03:11:07	2009-05-09 03:11:47	132.80090364242545	3.0	-5.0	False	0
25718	['bus']	2009-05-09 03:11:47	2009-05-09 03:11:52	124.42071392387794	25.0	22.0	False	0
25719	['bus']	2009-05-09 03:11:52	2009-05-09 03:11:57	199.51245461812587	40.0	15.0	False	0
25720	['bus']	2009-05-09 03:11:57	2009-05-09 03:12:02	234.37205581937226	47.0	7.0	False	0
25721	['bus']	2009-05-09 03:12:02	2009-05-09 03:12:07	247.91577766437638	50.0	3.0	False	0
25722	['bus']	2009-05-09 03:12:07	2009-05-09 03:12:12	250.97871959097753	50.0	0.0	False	0
25723	['bus']	2009-05-09 03:12:12	2009-05-09 03:12:17	251.7387266565043	50.0	0.0	False	0
25724	['bus']	2009-05-09 03:12:17	2009-05-09 03:12:22	243.87537778129303	49.0	-1.0	False	0
25725	['bus']	2009-05-09 03:12:22	2009-05-09 03:12:27	239.04854236267292	48.0	-1.0	False	0
25726	['bus']	2009-05-09 03:12:27	2009-05-09 03:12:32	240.27551536243783	48.0	0.0	False	0
25727	['bus']	2009-05-09 03:12:32	2009-05-09 03:12:37	232.92097718572597	47.0	-1.0	False	0
25728	['bus']	2009-05-09 03:12:37	2009-05-09 03:12:42	219.11351731512292	44.0	-3.0	False	0
25729	['bus']	2009-05-09 03:12:42	2009-05-09 03:12:47	211.6482400507182	42.0	-2.0	False	0
25730	['bus']	2009-05-09 03:12:47	2009-05-09 03:12:52	218.00648813418638	44.0	2.0	False	0
25731	['bus']	2009-05-09 03:12:52	2009-05-09 03:12:57	223.1996857375119	45.0	1.0	False	0
25732	['bus']	2009-05-09 03:12:57	2009-05-09 03:13:02	222.4407440756828	44.0	-1.0	False	0
25733	['bus']	2009-05-09 03:13:02	2009-05-09 03:13:07	219.1461221269617	44.0	0.0	False	0
25734	['bus']	2009-05-09 03:13:07	2009-05-09 03:13:12	215.70668756439557	43.0	-1.0	False	0
25735	['bus']	2009-05-09 03:13:12	2009-05-09 03:13:17	216.66254380776837	43.0	0.0	False	0
25736	['bus']	2009-05-09 03:13:17	2009-05-09 03:13:22	218.3551860234024	44.0	1.0	False	0
25737	['bus']	2009-05-09 03:13:22	2009-05-09 03:13:27	220.92181337695942	44.0	0.0	False	0
25738	['bus']	2009-05-09 03:13:27	2009-05-09 03:13:32	217.36536511933608	43.0	-1.0	False	0
25739	['bus']	2009-05-09 03:13:32	2009-05-09 03:13:37	213.84350266561452	43.0	0.0	False	0
25740	['bus']	2009-05-09 03:13:37	2009-05-09 03:13:42	217.3690744605746	43.0	0.0	False	0
25741	['bus']	2009-05-09 03:13:42	2009-05-09 03:13:47	216.5089425431025	43.0	0.0	False	0
25742	['bus']	2009-05-09 03:13:47	2009-05-09 03:13:52	215.81740737707753	43.0	0.0	False	0
25743	['bus']	2009-05-09 03:13:52	2009-05-09 03:13:57	217.62999899798288	44.0	1.0	False	0
25744	['bus']	2009-05-09 03:13:57	2009-05-09 03:14:02	219.19673960193018	44.0	0.0	False	0
25745	['bus']	2009-05-09 03:14:02	2009-05-09 03:14:07	224.27887613214344	45.0	1.0	False	0
25746	['bus']	2009-05-09 03:14:07	2009-05-09 03:14:12	223.5155095794263	45.0	0.0	False	0
25747	['bus']	2009-05-09 03:14:12	2009-05-09 03:14:17	222.2883635689218	44.0	-1.0	False	0
25748	['bus']	2009-05-09 03:14:17	2009-05-09 03:14:22	222.32151817444438	44.0	0.0	False	0
25749	['bus']	2009-05-09 03:14:22	2009-05-09 03:14:27	218.9050942743197	44.0	0.0	False	0
25750	['bus']	2009-05-09 03:14:27	2009-05-09 03:14:32	219.09992878874277	44.0	0.0	False	0
25751	['bus']	2009-05-09 03:14:32	2009-05-09 03:14:37	222.61045656183848	45.0	1.0	False	0
25752	['bus']	2009-05-09 03:14:37	2009-05-09 03:14:42	230.41787134962436	46.0	1.0	False	0
25753	['bus']	2009-05-09 03:14:42	2009-05-09 03:14:47	234.24073620538496	47.0	1.0	False	0
25754	['bus']	2009-05-09 03:14:47	2009-05-09 03:14:52	229.856573258295	46.0	-1.0	False	0
25755	['bus']	2009-05-09 03:14:52	2009-05-09 03:14:57	223.60088473872037	45.0	-1.0	False	0
25756	['bus']	2009-05-09 03:14:57	2009-05-09 03:15:02	216.85578496671297	43.0	-2.0	False	0
25757	['bus']	2009-05-09 03:15:02	2009-05-09 03:15:07	211.82742368518046	42.0	-1.0	False	0
25758	['bus']	2009-05-09 03:15:07	2009-05-09 03:15:12	208.81142002243303	42.0	0.0	False	0
25759	['bus']	2009-05-09 03:15:12	2009-05-09 03:15:17	209.16181578325302	42.0	0.0	False	0
25760	['bus']	2009-05-09 03:15:17	2009-05-09 03:15:22	210.76893366453038	42.0	0.0	False	0
25761	['bus']	2009-05-09 03:15:22	2009-05-09 03:15:27	211.63339365135758	42.0	0.0	False	0
25762	['bus']	2009-05-09 03:15:27	2009-05-09 03:15:32	210.6887645660203	42.0	0.0	False	0
25763	['bus']	2009-05-09 03:15:32	2009-05-09 03:15:37	206.07866384792493	41.0	-1.0	False	0
25764	['bus']	2009-05-09 03:15:37	2009-05-09 03:15:42	199.37605202473264	40.0	-1.0	False	0
25765	['bus']	2009-05-09 03:15:42	2009-05-09 03:15:47	186.51648635415438	37.0	-3.0	False	0
25766	['bus']	2009-05-09 03:15:47	2009-05-09 03:15:52	169.16002122935066	34.0	-3.0	False	0
25767	['bus']	2009-05-09 03:15:52	2009-05-09 03:15:57	153.78066277293118	31.0	-3.0	False	0
25768	['bus']	2009-05-09 03:15:57	2009-05-09 03:16:02	476.4794929471449	95.0	64.0	False	0
25769	['bus']	2009-05-09 03:16:02	2009-05-09 03:20:32	441.6267098926713	2.0	-93.0	False	0
25770	['bus']	2009-05-09 03:20:32	2009-05-09 03:20:42	123.11972677132312	12.0	10.0	False	0
25771	['bus']	2009-05-09 03:20:42	2009-05-09 03:20:52	135.77070257410233	14.0	2.0	False	0
25772	['bus']	2009-05-09 03:20:52	2009-05-09 03:21:02	133.65817202759666	13.0	-1.0	False	0
25773	['bus']	2009-05-09 03:21:02	2009-05-09 03:21:12	120.37192072031428	12.0	-1.0	False	0
25774	['bus']	2009-05-09 03:21:12	2009-05-09 03:21:27	124.97289321970413	8.0	-4.0	False	0
25775	['bus', 'walk']	2009-05-09 03:21:27	2009-05-09 03:21:42	1285.1285511824801	86.0	78.0	True	0
