	transMode	startDate	endDate	distance	speed	acceleration	hasChangepoint	hasStopPoint
32524	['walk']	2009-09-20 23:50:05	2009-09-20 23:52:14	101.62670977144016	1.0	-1.0	False	1
32525	['walk']	2009-09-20 23:52:14	2009-09-20 23:53:09	674.2652507065437	12.0	11.0	False	2
32526	['walk']	2009-09-20 23:53:09	2009-09-20 23:55:38	656.3257386243233	4.0	-8.0	False	0
32527	['walk']	2009-09-20 23:55:38	2009-09-20 23:56:26	106.34614762602813	2.0	-2.0	False	1
32528	['walk']	2009-09-20 23:56:26	2009-09-20 23:57:02	105.76341871665528	3.0	1.0	False	0
32529	['walk']	2009-09-20 23:57:02	2009-09-20 23:57:03	104.79045392323134	105.0	102.0	False	0
32530	['walk']	2009-09-20 23:57:03	2009-09-20 23:57:06	105.92819573439729	35.0	-70.0	False	0
32531	['walk']	2009-09-20 23:57:06	2009-09-20 23:57:58	100.1672146880434	2.0	-33.0	False	0
32532	['walk']	2009-09-20 23:57:58	2009-09-20 23:59:23	8900.371076749781	105.0	103.0	False	3
