	rawClass	segment_id	previousSegmentIDs	hasNotTransportMode	hasTransportMode	hasVelocity	hasAcceleration	hasChangepoint	isFasterThanAllPrevious	hasKnownTransportMode	previousHasVelocity	previousHasAcceleration	previousHasChangepoint	previousSegmentRelation	hasStopPoint	previousHasStopPoint
0	['walk']	segment(seg082_913_0).	['segment(seg082_913_1).', 'segment(seg082_913_2).', 'segment(seg082_913_3).', 'segment(seg082_913_4).', 'segment(seg082_913_5).']	['hasTransportMode(seg082_913_0,bike).', 'hasTransportMode(seg082_913_0,bus).', 'hasTransportMode(seg082_913_0,car).']	['hasTransportMode(seg082_913_0,walk).']	hasVelocity(seg082_913_0,very_fast).	hasAcceleration(seg082_913_0,much_faster).	empty	empty	['hasKnownTransportMode(seg082_913_1,walk).', 'hasKnownTransportMode(seg082_913_2,walk).', 'hasKnownTransportMode(seg082_913_3,walk).', 'hasKnownTransportMode(seg082_913_4,walk).', 'hasKnownTransportMode(seg082_913_5,walk).']	['hasVelocity(seg082_913_1,fast).', 'hasVelocity(seg082_913_2,very_fast).', 'hasVelocity(seg082_913_3,fast).', 'hasVelocity(seg082_913_4,medium).', 'hasVelocity(seg082_913_5,slow).']	['hasAcceleration(seg082_913_1,much_faster).', 'hasAcceleration(seg082_913_2,much_faster).', 'hasAcceleration(seg082_913_3,much_faster).', 'hasAcceleration(seg082_913_4,much_faster).', 'hasAcceleration(seg082_913_5,unchanged).']	['empty', 'empty', 'empty', 'empty', 'empty']	['previousSegmentRelation(seg082_913_0,seg082_913_1).', 'previousSegmentRelation(seg082_913_1,seg082_913_2).', 'previousSegmentRelation(seg082_913_2,seg082_913_3).', 'previousSegmentRelation(seg082_913_3,seg082_913_4).', 'previousSegmentRelation(seg082_913_4,seg082_913_5).']	hasStopPoint(seg082_913_0,up_to_five).	['hasStopPoint(seg082_913_1,none).', 'hasStopPoint(seg082_913_2,up_to_five).', 'hasStopPoint(seg082_913_3,none).', 'hasStopPoint(seg082_913_4,none).', 'hasStopPoint(seg082_913_5,none).']
