	transMode	startDate	endDate	distance	speed	acceleration	hasChangepoint	hasStopPoint
12048	['bus']	2008-07-21 04:16:11	2008-07-21 04:16:21	122.61470229483845	12.0	11.0	False	0
12049	['bus']	2008-07-21 04:16:21	2008-07-21 04:16:31	124.331935318872	12.0	0.0	False	0
12050	['bus']	2008-07-21 04:16:31	2008-07-21 04:16:46	138.13613107404396	9.0	-3.0	False	0
12051	['bus']	2008-07-21 04:16:46	2008-07-21 04:16:51	100.65239215181877	20.0	11.0	False	0
12052	['bus']	2008-07-21 04:16:51	2008-07-21 04:16:56	118.89272478437343	24.0	4.0	False	0
12053	['bus']	2008-07-21 04:16:56	2008-07-21 04:17:01	138.1121470639726	28.0	4.0	False	0
12054	['bus']	2008-07-21 04:17:01	2008-07-21 04:17:06	151.57194758742116	30.0	2.0	False	0
12055	['bus']	2008-07-21 04:17:06	2008-07-21 04:17:11	158.81138835134442	32.0	2.0	False	0
12056	['bus']	2008-07-21 04:17:11	2008-07-21 04:17:16	147.90394021023138	30.0	-2.0	False	0
12057	['bus']	2008-07-21 04:17:16	2008-07-21 04:17:21	122.6507003186762	25.0	-5.0	False	0
12058	['bus']	2008-07-21 04:17:21	2008-07-21 04:17:31	133.45156107832952	13.0	-12.0	False	0
12059	['bus']	2008-07-21 04:17:31	2008-07-21 04:17:51	103.31577627723968	5.0	-8.0	False	0
12060	['bus']	2008-07-21 04:17:51	2008-07-21 04:18:36	112.77399419138112	3.0	-2.0	False	1
12061	['bus']	2008-07-21 04:18:36	2008-07-21 04:19:11	102.25482713032368	3.0	0.0	False	0
12062	['bus']	2008-07-21 04:19:11	2008-07-21 04:19:46	106.98125638417189	3.0	0.0	False	0
12063	['bus']	2008-07-21 04:19:46	2008-07-21 04:20:06	122.1686562827709	6.0	3.0	False	0
12064	['bus']	2008-07-21 04:20:06	2008-07-21 04:20:41	100.0621975495246	3.0	-3.0	False	1
12065	['bus']	2008-07-21 04:20:41	2008-07-21 04:21:21	100.43002576825386	3.0	0.0	False	0
12066	['bus']	2008-07-21 04:21:21	2008-07-21 04:21:36	109.01127201442257	7.0	4.0	False	0
12067	['bus']	2008-07-21 04:21:36	2008-07-21 04:21:56	116.67273094115964	6.0	-1.0	False	0
12068	['bus']	2008-07-21 04:21:56	2008-07-21 04:22:11	113.45323839884895	8.0	2.0	False	0
12069	['bus']	2008-07-21 04:22:11	2008-07-21 04:22:31	114.54583566008388	6.0	-2.0	False	0
12070	['bus']	2008-07-21 04:22:31	2008-07-21 04:23:11	119.05730124073227	3.0	-3.0	False	0
12071	['bus']	2008-07-21 04:23:11	2008-07-21 04:23:31	123.1821514157814	6.0	3.0	False	0
12072	['bus']	2008-07-21 04:23:31	2008-07-21 04:23:46	123.13424488624833	8.0	2.0	False	0
12073	['bus']	2008-07-21 04:23:46	2008-07-21 04:25:11	100.65535252799428	1.0	-7.0	False	2
12074	['bus']	2008-07-21 04:25:11	2008-07-21 04:25:21	116.0741872328696	12.0	11.0	False	0
12075	['bus']	2008-07-21 04:25:21	2008-07-21 04:25:26	133.99228397212167	27.0	15.0	False	0
12076	['bus']	2008-07-21 04:25:26	2008-07-21 04:25:31	145.79529136672411	29.0	2.0	False	0
12077	['bus']	2008-07-21 04:25:31	2008-07-21 04:25:36	150.60732229928232	30.0	1.0	False	0
12078	['bus']	2008-07-21 04:25:36	2008-07-21 04:25:41	153.26288098025373	31.0	1.0	False	0
12079	['bus']	2008-07-21 04:25:41	2008-07-21 04:25:46	143.34838438444774	29.0	-2.0	False	0
12080	['bus']	2008-07-21 04:25:46	2008-07-21 04:26:11	126.25445243562882	5.0	-24.0	False	1
12081	['bus']	2008-07-21 04:26:11	2008-07-21 04:26:21	141.15865137060908	14.0	9.0	False	0
12082	['bus']	2008-07-21 04:26:21	2008-07-21 04:26:31	120.26818299598958	12.0	-2.0	False	0
12083	['bus']	2008-07-21 04:26:31	2008-07-21 04:26:51	125.23461582062745	6.0	-6.0	False	0
12084	['bus']	2008-07-21 04:26:51	2008-07-21 04:27:06	107.18055942535909	7.0	1.0	False	0
12085	['bus']	2008-07-21 04:27:06	2008-07-21 04:27:26	126.19561338399437	6.0	-1.0	False	0
12086	['bus']	2008-07-21 04:27:26	2008-07-21 04:27:41	123.67512728876821	8.0	2.0	False	0
12087	['bus']	2008-07-21 04:27:41	2008-07-21 04:27:56	129.60418050135095	9.0	1.0	False	0
12088	['bus']	2008-07-21 04:27:56	2008-07-21 04:28:21	114.43200079524036	5.0	-4.0	False	0
12089	['bus']	2008-07-21 04:28:21	2008-07-21 04:29:01	101.04526501447934	3.0	-2.0	False	0
12090	['bus']	2008-07-21 04:29:01	2008-07-21 04:29:26	106.59749299346929	4.0	1.0	False	0
12091	['bus']	2008-07-21 04:29:26	2008-07-21 04:29:46	100.92228992536377	5.0	1.0	False	0
12092	['bus']	2008-07-21 04:29:46	2008-07-21 04:30:41	104.69985584319615	2.0	-3.0	False	1
12093	['bus']	2008-07-21 04:30:41	2008-07-21 04:30:56	106.39005522475003	7.0	5.0	False	0
12094	['bus']	2008-07-21 04:30:56	2008-07-21 04:31:11	118.87973539641425	8.0	1.0	False	0
12095	['bus']	2008-07-21 04:31:11	2008-07-21 04:31:26	126.32867159824404	8.0	0.0	False	0
12096	['bus']	2008-07-21 04:31:26	2008-07-21 04:31:41	130.47799470577982	9.0	1.0	False	0
12097	['bus']	2008-07-21 04:31:41	2008-07-21 04:31:56	104.25181014238102	7.0	-2.0	False	0
12098	['bus']	2008-07-21 04:31:56	2008-07-21 04:32:11	143.46861555343324	10.0	3.0	False	0
12099	['bus']	2008-07-21 04:32:11	2008-07-21 04:32:21	111.14375692201315	11.0	1.0	False	0
12100	['bus']	2008-07-21 04:32:21	2008-07-21 04:33:01	101.78422871684705	3.0	-8.0	False	0
12101	['bus']	2008-07-21 04:33:01	2008-07-21 04:33:21	109.5065389977838	5.0	2.0	False	0
12102	['bus']	2008-07-21 04:33:21	2008-07-21 04:33:36	103.15552909992437	7.0	2.0	False	0
12103	['bus']	2008-07-21 04:33:36	2008-07-21 04:33:51	113.25226131886042	8.0	1.0	False	0
12104	['bus']	2008-07-21 04:33:51	2008-07-21 04:35:41	104.58584328021448	1.0	-7.0	False	3
12105	['bus']	2008-07-21 04:35:41	2008-07-21 04:35:56	138.76656166983278	9.0	8.0	False	0
12106	['bus']	2008-07-21 04:35:56	2008-07-21 04:36:26	127.68351379730981	4.0	-5.0	False	1
12107	['bus']	2008-07-21 04:36:26	2008-07-21 04:36:51	103.70893647875857	4.0	0.0	False	0
12108	['bus']	2008-07-21 04:36:51	2008-07-21 04:37:46	114.71924180766688	2.0	-2.0	False	1
12109	['bus']	2008-07-21 04:37:46	2008-07-21 04:38:11	100.30369665230057	4.0	2.0	False	0
12110	['bus']	2008-07-21 04:38:11	2008-07-21 04:39:11	120.49318198023123	2.0	-2.0	False	2
12111	['bus']	2008-07-21 04:39:11	2008-07-21 04:39:21	140.28927907267757	14.0	12.0	False	0
12112	['bus']	2008-07-21 04:39:21	2008-07-21 04:39:26	136.8962203309632	27.0	13.0	False	0
12113	['bus']	2008-07-21 04:39:26	2008-07-21 04:39:31	156.24249238156466	31.0	4.0	False	0
12114	['bus']	2008-07-21 04:39:31	2008-07-21 04:39:36	168.2440536856205	34.0	3.0	False	0
12115	['bus']	2008-07-21 04:39:36	2008-07-21 04:39:41	173.7054248240335	35.0	1.0	False	0
12116	['bus']	2008-07-21 04:39:41	2008-07-21 04:39:46	166.81157999459165	33.0	-2.0	False	0
12117	['bus']	2008-07-21 04:39:46	2008-07-21 04:39:51	134.9251581288292	27.0	-6.0	False	0
12118	['bus']	2008-07-21 04:39:51	2008-07-21 04:40:01	114.67195942093278	11.0	-16.0	False	0
12119	['bus']	2008-07-21 04:40:01	2008-07-21 04:40:16	129.58921115325305	9.0	-2.0	False	0
12120	['bus']	2008-07-21 04:40:16	2008-07-21 04:40:21	101.7597316611473	20.0	11.0	False	0
12121	['bus']	2008-07-21 04:40:21	2008-07-21 04:40:26	126.1030648491942	25.0	5.0	False	0
12122	['bus']	2008-07-21 04:40:26	2008-07-21 04:40:31	136.56921873432992	27.0	2.0	False	0
12123	['bus']	2008-07-21 04:40:31	2008-07-21 04:40:36	111.22842931063909	22.0	-5.0	False	0
12124	['bus']	2008-07-21 04:40:36	2008-07-21 04:40:56	115.03816246887004	6.0	-16.0	False	0
12125	['bus']	2008-07-21 04:40:56	2008-07-21 04:41:36	100.9525145400865	3.0	-3.0	False	1
12126	['bus']	2008-07-21 04:41:36	2008-07-21 04:41:56	102.17272389565824	5.0	2.0	False	0
12127	['bus']	2008-07-21 04:41:56	2008-07-21 04:42:11	104.65166903884999	7.0	2.0	False	0
12128	['bus']	2008-07-21 04:42:11	2008-07-21 04:42:31	109.19932896814404	5.0	-2.0	False	0
12129	['bus']	2008-07-21 04:42:31	2008-07-21 04:44:31	100.73174198487783	1.0	-4.0	False	0
12130	['bus']	2008-07-21 04:44:31	2008-07-21 04:47:01	103.81589027111147	1.0	0.0	False	2
12131	['bus']	2008-07-21 04:47:01	2008-07-21 04:49:56	107.09347109288079	1.0	0.0	False	4
12132	['bus']	2008-07-21 04:49:56	2008-07-21 04:50:06	118.38540333339752	12.0	11.0	False	0
12133	['bus']	2008-07-21 04:50:06	2008-07-21 04:50:16	105.67178157694148	11.0	-1.0	False	0
12134	['bus']	2008-07-21 04:50:16	2008-07-21 04:50:21	117.42275163048306	23.0	12.0	False	0
12135	['bus']	2008-07-21 04:50:21	2008-07-21 04:50:26	125.99848180379675	25.0	2.0	False	0
12136	['bus']	2008-07-21 04:50:26	2008-07-21 04:50:31	110.67136122028955	22.0	-3.0	False	0
12137	['bus']	2008-07-21 04:50:31	2008-07-21 04:50:36	116.66386882934847	23.0	1.0	False	0
12138	['bus']	2008-07-21 04:50:36	2008-07-21 04:50:41	113.20359200447419	23.0	0.0	False	0
12139	['bus']	2008-07-21 04:50:41	2008-07-21 04:51:11	111.82034581236778	4.0	-19.0	False	1
12140	['bus']	2008-07-21 04:51:11	2008-07-21 04:51:21	106.54969408057708	11.0	7.0	False	0
12141	['bus']	2008-07-21 04:51:21	2008-07-21 04:51:26	102.77964615719475	21.0	10.0	False	0
12142	['bus']	2008-07-21 04:51:26	2008-07-21 04:51:31	111.33881682485206	22.0	1.0	False	0
12143	['bus']	2008-07-21 04:51:31	2008-07-21 04:51:41	105.55295329903183	11.0	-11.0	False	0
12144	['bus']	2008-07-21 04:51:41	2008-07-21 04:52:16	146.57606140828614	4.0	-7.0	False	1
12145	['bus']	2008-07-21 04:52:16	2008-07-21 04:52:21	170.8761290686512	34.0	30.0	False	0
12146	['bus']	2008-07-21 04:52:21	2008-07-21 04:52:26	198.87593797709897	40.0	6.0	False	0
12147	['bus']	2008-07-21 04:52:26	2008-07-21 04:52:31	174.57874263114934	35.0	-5.0	False	0
12148	['bus']	2008-07-21 04:52:31	2008-07-21 04:52:36	167.79689583838788	34.0	-1.0	False	0
12149	['bus']	2008-07-21 04:52:36	2008-07-21 04:52:41	130.43593828039982	26.0	-8.0	False	0
12150	['bus']	2008-07-21 04:52:41	2008-07-21 04:53:36	102.52316055582001	2.0	-24.0	False	1
12151	['bus']	2008-07-21 04:53:36	2008-07-21 04:53:46	156.78199561325792	16.0	14.0	False	0
12152	['bus']	2008-07-21 04:53:46	2008-07-21 04:53:51	101.1889398578961	20.0	4.0	False	0
12153	['bus']	2008-07-21 04:53:51	2008-07-21 04:54:26	129.89394673279608	4.0	-16.0	False	1
12154	['bus']	2008-07-21 04:54:26	2008-07-21 04:54:46	118.14853806132845	6.0	2.0	False	0
12155	['bus']	2008-07-21 04:54:46	2008-07-21 04:54:51	129.8623924305945	26.0	20.0	False	0
12156	['bus']	2008-07-21 04:54:51	2008-07-21 04:54:56	203.28189930677922	41.0	15.0	False	0
12157	['bus']	2008-07-21 04:54:56	2008-07-21 04:55:01	221.8075494817228	44.0	3.0	False	0
12158	['bus']	2008-07-21 04:55:01	2008-07-21 04:55:06	175.92627246514135	35.0	-9.0	False	0
12159	['bus']	2008-07-21 04:55:06	2008-07-21 04:55:11	130.0409616439902	26.0	-9.0	False	0
12160	['bus']	2008-07-21 04:55:11	2008-07-21 04:55:46	102.34190102908661	3.0	-23.0	False	0
12161	['bus']	2008-07-21 04:55:46	2008-07-21 04:56:26	101.22006195324217	3.0	0.0	False	0
12162	['bus', 'walk']	2008-07-21 04:56:26	2008-07-21 04:57:16	101.81980954057792	2.0	-1.0	True	0
12163	['walk']	2008-07-21 04:57:16	2008-07-21 04:58:11	101.67141068891429	2.0	0.0	False	0
12164	['walk']	2008-07-21 04:58:11	2008-07-21 04:59:41	101.35077408524774	1.0	-1.0	False	0
12165	['walk']	2008-07-21 04:59:41	2008-07-21 05:03:16	101.34121327612647	0.0	-1.0	False	3
12166	['walk']	2008-07-21 05:03:16	2008-07-21 05:06:21	109.56150183693782	1.0	1.0	False	4
12167	['walk']	2008-07-21 05:06:21	2008-07-21 05:29:16	102.75048081924355	0.0	-1.0	False	0
12168	['walk']	2008-07-21 05:29:16	2008-07-21 05:30:46	109.79471705206569	1.0	1.0	False	0
12169	['walk']	2008-07-21 05:30:46	2008-07-21 05:31:46	107.08797084961172	2.0	1.0	False	0
12170	['walk']	2008-07-21 05:31:46	2008-07-21 05:32:36	103.50615686353048	2.0	0.0	False	0
12171	['walk']	2008-07-21 05:32:36	2008-07-21 05:33:26	101.34118597452243	2.0	0.0	False	0
12172	['walk']	2008-07-21 05:33:26	2008-07-21 05:34:21	106.29326307662852	2.0	0.0	False	0
12173	['walk']	2008-07-21 05:34:21	2008-07-21 05:35:16	108.42737157829526	2.0	0.0	False	0
12174	['walk']	2008-07-21 05:35:16	2008-07-21 05:36:06	108.44182413323354	2.0	0.0	False	0
12175	['walk']	2008-07-21 05:36:06	2008-07-21 05:36:56	101.57190338721092	2.0	0.0	False	0
12176	['walk']	2008-07-21 05:36:56	2008-07-21 05:37:46	102.05388103247029	2.0	0.0	False	0
12177	['walk']	2008-07-21 05:37:46	2008-07-21 05:38:16	157.00679339093654	5.0	3.0	False	0
12178	['walk']	2008-07-21 05:38:16	2008-07-21 05:40:16	121.72134639360844	1.0	-4.0	False	0
12179	['walk']	2008-07-21 05:40:16	2008-07-21 05:41:11	106.17935560290697	2.0	1.0	False	0
12180	['walk']	2008-07-21 05:41:11	2008-07-21 05:42:06	5910.74841386412	107.0	105.0	False	2
