	transMode	startDate	endDate	distance	speed	acceleration	hasChangepoint	hasStopPoint
1795	['bus']	2008-05-01 07:15:56	2008-05-01 07:16:02	115.12945580008096	19.0	-7872.0	False	0
1796	['bus']	2008-05-01 07:16:02	2008-05-01 07:16:06	260.7261073313504	65.0	46.0	False	0
1797	['bus']	2008-05-01 07:16:06	2008-05-01 07:16:21	205.7977784121004	14.0	-51.0	False	0
1798	['bus']	2008-05-01 07:16:21	2008-05-01 07:16:30	101.7073775287273	11.0	-3.0	False	0
1799	['bus']	2008-05-01 07:16:30	2008-05-01 07:16:38	411.4498572676498	51.0	40.0	False	0
1800	['bus']	2008-05-01 07:16:38	2008-05-01 07:17:05	347.2442430178757	13.0	-38.0	False	0
1801	['bus']	2008-05-01 07:17:05	2008-05-01 07:17:11	1037.5110285572378	173.0	160.0	False	0
1802	['bus']	2008-05-01 07:17:11	2008-05-01 07:18:22	972.1530733529581	14.0	-159.0	False	0
1803	['bus']	2008-05-01 07:18:22	2008-05-01 07:18:28	112.53130538704698	19.0	5.0	False	0
1804	['bus']	2008-05-01 07:18:28	2008-05-01 07:18:33	107.23595032017602	21.0	2.0	False	0
1805	['bus']	2008-05-01 07:18:33	2008-05-01 07:18:38	113.6163235146703	23.0	2.0	False	0
1806	['bus']	2008-05-01 07:18:38	2008-05-01 07:18:43	102.96761218391984	21.0	-2.0	False	0
1807	['bus']	2008-05-01 07:18:43	2008-05-01 07:18:48	102.46771757821477	20.0	-1.0	False	0
1808	['bus']	2008-05-01 07:18:48	2008-05-01 07:18:53	103.90186764843409	21.0	1.0	False	0
1809	['bus']	2008-05-01 07:18:53	2008-05-01 07:18:58	102.92479042060762	21.0	0.0	False	0
1810	['bus']	2008-05-01 07:18:58	2008-05-01 07:19:03	103.02293825811367	21.0	0.0	False	0
1811	['bus']	2008-05-01 07:19:03	2008-05-01 07:19:08	104.15098726019694	21.0	0.0	False	0
1812	['bus']	2008-05-01 07:19:08	2008-05-01 07:19:14	111.23278275807883	19.0	-2.0	False	0
1813	['bus']	2008-05-01 07:19:14	2008-05-01 07:19:22	106.52484591078898	13.0	-6.0	False	0
1814	['bus']	2008-05-01 07:19:22	2008-05-01 07:19:33	100.0904858695141	9.0	-4.0	False	0
1815	['bus']	2008-05-01 07:19:33	2008-05-01 07:19:46	102.28339215885546	8.0	-1.0	False	0
1816	['bus']	2008-05-01 07:19:46	2008-05-01 07:20:00	105.58095088232514	8.0	0.0	False	0
1817	['bus']	2008-05-01 07:20:00	2008-05-01 07:20:13	100.33834707782019	8.0	0.0	False	0
1818	['bus']	2008-05-01 07:20:13	2008-05-01 07:20:26	102.94415571647282	8.0	0.0	False	0
1819	['bus']	2008-05-01 07:20:26	2008-05-01 07:20:41	105.41358847136813	7.0	-1.0	False	0
1820	['bus']	2008-05-01 07:20:41	2008-05-01 07:20:54	102.11689492936696	8.0	1.0	False	0
1821	['bus']	2008-05-01 07:20:54	2008-05-01 07:21:08	103.61078432953943	7.0	-1.0	False	0
1822	['bus']	2008-05-01 07:21:08	2008-05-01 07:21:21	100.95742795038439	8.0	1.0	False	0
1823	['bus']	2008-05-01 07:21:21	2008-05-01 07:21:43	100.08392922554187	5.0	-3.0	False	0
1824	['bus']	2008-05-01 07:21:43	2008-05-01 07:25:09	124.91084837658522	1.0	-4.0	False	3
1825	['bus']	2008-05-01 07:25:09	2008-05-01 07:31:19	100.8796114506071	0.0	-1.0	False	0
1826	['bus']	2008-05-01 07:31:19	2008-05-01 07:35:37	115.9266739362193	0.0	0.0	False	8
1827	['bus']	2008-05-01 07:35:37	2008-05-01 07:40:59	102.20035321740632	0.0	0.0	False	1
1828	['bus']	2008-05-01 07:40:59	2008-05-01 07:41:57	103.1768082279751	2.0	2.0	False	0
1829	['bus']	2008-05-01 07:41:57	2008-05-01 07:42:09	100.10315826835208	8.0	6.0	False	0
1830	['bus']	2008-05-01 07:42:09	2008-05-01 07:42:20	103.30438996010832	9.0	1.0	False	0
1831	['bus']	2008-05-01 07:42:20	2008-05-01 07:42:32	103.69149280116034	9.0	0.0	False	0
1832	['bus']	2008-05-01 07:42:32	2008-05-01 07:42:43	102.1552971377977	9.0	0.0	False	0
1833	['bus']	2008-05-01 07:42:43	2008-05-01 07:42:52	103.35873555982388	11.0	2.0	False	0
1834	['bus']	2008-05-01 07:42:52	2008-05-01 07:43:00	102.14820955018321	13.0	2.0	False	0
1835	['bus']	2008-05-01 07:43:00	2008-05-01 07:43:10	100.75438846403404	10.0	-3.0	False	0
1836	['bus']	2008-05-01 07:43:10	2008-05-01 07:43:18	100.5550456984052	13.0	3.0	False	0
1837	['bus']	2008-05-01 07:43:18	2008-05-01 07:43:24	111.24671433696707	19.0	6.0	False	0
1838	['bus']	2008-05-01 07:43:24	2008-05-01 07:43:29	120.9502885417601	24.0	5.0	False	0
1839	['bus']	2008-05-01 07:43:29	2008-05-01 07:43:33	117.05724154367044	29.0	5.0	False	0
1840	['bus']	2008-05-01 07:43:33	2008-05-01 07:43:37	119.51952129624986	30.0	1.0	False	0
1841	['bus']	2008-05-01 07:43:37	2008-05-01 07:43:41	114.39461381130141	29.0	-1.0	False	0
1842	['bus']	2008-05-01 07:43:41	2008-05-01 07:43:45	104.46462952572378	26.0	-3.0	False	0
1843	['bus']	2008-05-01 07:43:45	2008-05-01 07:43:51	110.71486966239723	18.0	-8.0	False	0
1844	['bus']	2008-05-01 07:43:51	2008-05-01 07:43:58	104.89328306686686	15.0	-3.0	False	0
1845	['bus']	2008-05-01 07:43:58	2008-05-01 07:44:06	105.07806181847589	13.0	-2.0	False	0
1846	['bus']	2008-05-01 07:44:06	2008-05-01 07:44:16	107.75930360150711	11.0	-2.0	False	0
1847	['bus']	2008-05-01 07:44:16	2008-05-01 07:44:42	100.5730470740751	4.0	-7.0	False	0
1848	['bus']	2008-05-01 07:44:42	2008-05-01 07:45:56	104.50927923185648	1.0	-3.0	False	3
1849	['bus']	2008-05-01 07:45:56	2008-05-01 07:46:07	108.63326543490612	10.0	9.0	False	0
1850	['bus']	2008-05-01 07:46:07	2008-05-01 07:47:40	100.9699977666351	1.0	-9.0	False	0
1851	['bus']	2008-05-01 07:47:40	2008-05-01 07:47:51	106.79592920778849	10.0	9.0	False	0
1852	['bus']	2008-05-01 07:47:51	2008-05-01 07:48:00	108.2116308342753	12.0	2.0	False	0
1853	['bus']	2008-05-01 07:48:00	2008-05-01 07:48:07	100.66894308709426	14.0	2.0	False	0
1854	['bus']	2008-05-01 07:48:07	2008-05-01 07:48:15	112.04610890111029	14.0	0.0	False	0
1855	['bus']	2008-05-01 07:48:15	2008-05-01 07:48:23	102.3425795031823	13.0	-1.0	False	0
1856	['bus']	2008-05-01 07:48:23	2008-05-01 07:48:32	106.30691520816424	12.0	-1.0	False	0
1857	['bus']	2008-05-01 07:48:32	2008-05-01 07:48:42	108.60193457783207	11.0	-1.0	False	0
1858	['bus']	2008-05-01 07:48:42	2008-05-01 07:48:52	103.6296953316789	10.0	-1.0	False	0
1859	['bus']	2008-05-01 07:48:52	2008-05-01 07:49:00	116.74249609635399	15.0	5.0	False	0
1860	['bus']	2008-05-01 07:49:00	2008-05-01 07:49:05	105.70745139785592	21.0	6.0	False	0
1861	['bus']	2008-05-01 07:49:05	2008-05-01 07:49:10	102.49144367053196	20.0	-1.0	False	0
1862	['bus']	2008-05-01 07:49:10	2008-05-01 07:49:17	107.45575498998171	15.0	-5.0	False	0
1863	['bus']	2008-05-01 07:49:17	2008-05-01 07:49:26	100.93462079487557	11.0	-4.0	False	0
1864	['bus']	2008-05-01 07:49:26	2008-05-01 07:49:32	100.0211335882731	17.0	6.0	False	0
1865	['bus']	2008-05-01 07:49:32	2008-05-01 07:49:38	116.28868145517028	19.0	2.0	False	0
1866	['bus']	2008-05-01 07:49:38	2008-05-01 07:49:43	104.27213781697488	21.0	2.0	False	0
1867	['bus']	2008-05-01 07:49:43	2008-05-01 07:49:48	102.47338870555541	20.0	-1.0	False	0
1868	['bus']	2008-05-01 07:49:48	2008-05-01 07:49:54	110.26702773357559	18.0	-2.0	False	0
1869	['bus']	2008-05-01 07:49:54	2008-05-01 07:50:01	107.98273724155365	15.0	-3.0	False	0
1870	['bus']	2008-05-01 07:50:01	2008-05-01 07:50:08	106.75890744092565	15.0	0.0	False	0
1871	['bus']	2008-05-01 07:50:08	2008-05-01 07:50:16	108.68249783251164	14.0	-1.0	False	0
1872	['bus']	2008-05-01 07:50:16	2008-05-01 07:50:25	104.25864804966605	12.0	-2.0	False	0
1873	['bus']	2008-05-01 07:50:25	2008-05-01 07:50:34	107.24552676267504	12.0	0.0	False	0
1874	['bus']	2008-05-01 07:50:34	2008-05-01 07:50:43	106.70563927396842	12.0	0.0	False	0
1875	['bus']	2008-05-01 07:50:43	2008-05-01 07:50:51	101.87603970014754	13.0	1.0	False	0
1876	['bus']	2008-05-01 07:50:51	2008-05-01 07:51:02	100.5885449158919	9.0	-4.0	False	0
1877	['bus']	2008-05-01 07:51:02	2008-05-01 07:51:15	104.14354973737954	8.0	-1.0	False	0
1878	['bus']	2008-05-01 07:51:15	2008-05-01 07:51:26	102.81646859086932	9.0	1.0	False	0
1879	['bus']	2008-05-01 07:51:26	2008-05-01 07:51:38	105.61525880093251	9.0	0.0	False	0
1880	['bus']	2008-05-01 07:51:38	2008-05-01 07:51:50	103.7609609056783	9.0	0.0	False	0
1881	['bus']	2008-05-01 07:51:50	2008-05-01 07:52:22	101.62466747125744	3.0	-6.0	False	1
1882	['bus']	2008-05-01 07:52:22	2008-05-01 07:52:40	100.99598271863397	6.0	3.0	False	0
1883	['bus']	2008-05-01 07:52:40	2008-05-01 07:52:54	107.89430066234114	8.0	2.0	False	0
1884	['bus']	2008-05-01 07:52:54	2008-05-01 07:53:02	101.31137613855262	13.0	5.0	False	0
1885	['bus']	2008-05-01 07:53:02	2008-05-01 07:53:08	111.93484847652029	19.0	6.0	False	0
1886	['bus']	2008-05-01 07:53:08	2008-05-01 07:53:14	114.87147212567727	19.0	0.0	False	0
1887	['bus']	2008-05-01 07:53:14	2008-05-01 07:53:20	109.73422252813239	18.0	-1.0	False	0
1888	['bus']	2008-05-01 07:53:20	2008-05-01 07:53:27	111.77803518540486	16.0	-2.0	False	0
1889	['bus']	2008-05-01 07:53:27	2008-05-01 07:53:33	100.38750407929753	17.0	1.0	False	0
1890	['bus']	2008-05-01 07:53:33	2008-05-01 07:53:44	102.33631875171534	9.0	-8.0	False	0
1891	['bus']	2008-05-01 07:53:44	2008-05-01 07:53:53	100.26981249692543	11.0	2.0	False	0
1892	['bus']	2008-05-01 07:53:53	2008-05-01 07:54:02	108.537271267296	12.0	1.0	False	0
1893	['bus']	2008-05-01 07:54:02	2008-05-01 07:54:11	105.35324793387062	12.0	0.0	False	0
1894	['bus']	2008-05-01 07:54:11	2008-05-01 07:54:21	109.2094281959071	11.0	-1.0	False	0
1895	['bus']	2008-05-01 07:54:21	2008-05-01 07:54:31	102.43219079002247	10.0	-1.0	False	0
1896	['bus']	2008-05-01 07:54:31	2008-05-01 07:54:39	106.95956782657561	13.0	3.0	False	0
1897	['bus']	2008-05-01 07:54:39	2008-05-01 07:54:46	109.85585120016755	16.0	3.0	False	0
1898	['bus']	2008-05-01 07:54:46	2008-05-01 07:54:53	102.78472298534473	15.0	-1.0	False	0
1899	['bus']	2008-05-01 07:54:53	2008-05-01 07:55:01	108.23094998499003	14.0	-1.0	False	0
1900	['bus']	2008-05-01 07:55:01	2008-05-01 07:55:09	103.0461673366384	13.0	-1.0	False	0
1901	['bus']	2008-05-01 07:55:09	2008-05-01 07:55:15	102.44330772438985	17.0	4.0	False	0
1902	['bus']	2008-05-01 07:55:15	2008-05-01 07:55:20	107.70126819264664	22.0	5.0	False	0
1903	['bus']	2008-05-01 07:55:20	2008-05-01 07:55:25	101.59616830567785	20.0	-2.0	False	0
1904	['bus']	2008-05-01 07:55:25	2008-05-01 07:55:32	101.22065135864355	14.0	-6.0	False	0
1905	['bus']	2008-05-01 07:55:32	2008-05-01 07:55:40	108.58431118877355	14.0	0.0	False	0
1906	['bus']	2008-05-01 07:55:40	2008-05-01 07:55:48	110.95171118770922	14.0	0.0	False	0
1907	['bus']	2008-05-01 07:55:48	2008-05-01 07:55:57	105.78051480947133	12.0	-2.0	False	0
1908	['bus']	2008-05-01 07:55:57	2008-05-01 07:56:08	108.8661908461156	10.0	-2.0	False	0
1909	['bus']	2008-05-01 07:56:08	2008-05-01 07:56:17	104.32580431058135	12.0	2.0	False	0
1910	['bus']	2008-05-01 07:56:17	2008-05-01 07:56:27	106.15300012139745	11.0	-1.0	False	0
1911	['bus']	2008-05-01 07:56:27	2008-05-01 07:56:36	100.62174536394201	11.0	0.0	False	0
1912	['bus']	2008-05-01 07:56:36	2008-05-01 07:56:44	104.44605620647357	13.0	2.0	False	0
1913	['bus']	2008-05-01 07:56:44	2008-05-01 07:56:49	107.46965667615436	21.0	8.0	False	0
1914	['bus']	2008-05-01 07:56:49	2008-05-01 07:56:55	111.87499057029659	19.0	-2.0	False	0
1915	['bus']	2008-05-01 07:56:55	2008-05-01 07:57:03	107.81329622059451	13.0	-6.0	False	0
1916	['bus']	2008-05-01 07:57:03	2008-05-01 07:57:11	106.34715328778572	13.0	0.0	False	0
1917	['bus']	2008-05-01 07:57:11	2008-05-01 07:57:22	108.42929043312103	10.0	-3.0	False	0
1918	['bus']	2008-05-01 07:57:22	2008-05-01 07:57:29	106.37049784146187	15.0	5.0	False	0
1919	['bus']	2008-05-01 07:57:29	2008-05-01 07:57:38	106.3741973117349	12.0	-3.0	False	0
1920	['bus']	2008-05-01 07:57:38	2008-05-01 07:57:50	108.77604804069044	9.0	-3.0	False	0
1921	['bus']	2008-05-01 07:57:50	2008-05-01 07:58:01	105.64500177767944	10.0	1.0	False	0
1922	['bus']	2008-05-01 07:58:01	2008-05-01 07:58:10	103.0623456298476	11.0	1.0	False	0
1923	['bus']	2008-05-01 07:58:10	2008-05-01 07:58:19	105.49066965209016	12.0	1.0	False	0
1924	['bus']	2008-05-01 07:58:19	2008-05-01 07:58:29	106.43729295256543	11.0	-1.0	False	0
1925	['bus']	2008-05-01 07:58:29	2008-05-01 07:58:37	103.73787700144237	13.0	2.0	False	0
1926	['bus']	2008-05-01 07:58:37	2008-05-01 07:58:46	106.5910621989595	12.0	-1.0	False	0
1927	['bus']	2008-05-01 07:58:46	2008-05-01 07:58:54	113.59165315975706	14.0	2.0	False	0
1928	['bus']	2008-05-01 07:58:54	2008-05-01 07:59:00	106.00395312013873	18.0	4.0	False	0
1929	['bus']	2008-05-01 07:59:00	2008-05-01 07:59:05	101.21715502794993	20.0	2.0	False	0
1930	['bus']	2008-05-01 07:59:05	2008-05-01 07:59:10	111.80146995425073	22.0	2.0	False	0
1931	['bus']	2008-05-01 07:59:10	2008-05-01 07:59:15	104.11411394333378	21.0	-1.0	False	0
1932	['bus']	2008-05-01 07:59:15	2008-05-01 07:59:21	106.66002537152416	18.0	-3.0	False	0
1933	['bus']	2008-05-01 07:59:21	2008-05-01 07:59:29	107.96283164311691	13.0	-5.0	False	0
1934	['bus']	2008-05-01 07:59:29	2008-05-01 07:59:39	103.10110723529326	10.0	-3.0	False	0
1935	['bus']	2008-05-01 07:59:39	2008-05-01 07:59:50	112.96774236065619	10.0	0.0	False	0
1936	['bus']	2008-05-01 07:59:50	2008-05-01 07:59:59	107.50648079775392	12.0	2.0	False	0
1937	['bus']	2008-05-01 07:59:59	2008-05-01 08:00:07	109.7097633225517	14.0	2.0	False	0
1938	['bus']	2008-05-01 08:00:07	2008-05-01 08:00:17	105.69067329895441	11.0	-3.0	False	0
1939	['bus']	2008-05-01 08:00:17	2008-05-01 08:00:27	100.27288738205947	10.0	-1.0	False	0
1940	['bus']	2008-05-01 08:00:27	2008-05-01 08:00:36	104.42537680506878	12.0	2.0	False	0
1941	['bus']	2008-05-01 08:00:36	2008-05-01 08:00:47	101.29435616710546	9.0	-3.0	False	0
1942	['bus']	2008-05-01 08:00:47	2008-05-01 08:01:02	104.27052686833893	7.0	-2.0	False	0
1943	['bus']	2008-05-01 08:01:02	2008-05-01 08:01:13	100.17253423753475	9.0	2.0	False	0
1944	['bus']	2008-05-01 08:01:13	2008-05-01 08:01:26	106.8045861106578	8.0	-1.0	False	0
1945	['bus']	2008-05-01 08:01:26	2008-05-01 08:01:34	104.46050853785422	13.0	5.0	False	0
1946	['bus']	2008-05-01 08:01:34	2008-05-01 08:01:43	103.00821900749813	11.0	-2.0	False	0
1947	['bus']	2008-05-01 08:01:43	2008-05-01 08:01:55	110.75984799733969	9.0	-2.0	False	0
1948	['bus']	2008-05-01 08:01:55	2008-05-01 08:02:07	110.50990290244417	9.0	0.0	False	0
1949	['bus']	2008-05-01 08:02:07	2008-05-01 08:02:21	107.35510094374547	8.0	-1.0	False	0
1950	['bus']	2008-05-01 08:02:21	2008-05-01 08:02:36	101.94836902173097	7.0	-1.0	False	0
1951	['bus']	2008-05-01 08:02:36	2008-05-01 08:02:53	101.11816581013285	6.0	-1.0	False	0
1952	['bus']	2008-05-01 08:02:53	2008-05-01 08:03:13	103.95999903938629	5.0	-1.0	False	0
1953	['bus']	2008-05-01 08:03:13	2008-05-01 08:03:34	100.16433010103988	5.0	0.0	False	0
1954	['bus']	2008-05-01 08:03:34	2008-05-01 08:03:52	105.4386674530818	6.0	1.0	False	0
1955	['bus']	2008-05-01 08:03:52	2008-05-01 08:04:13	109.03984916789695	5.0	-1.0	False	0
1956	['bus']	2008-05-01 08:04:13	2008-05-01 08:04:59	101.16100690839822	2.0	-3.0	False	0
1957	['bus']	2008-05-01 08:04:59	2008-05-01 08:05:17	123.02759453375272	7.0	5.0	False	0
1958	['bus']	2008-05-01 08:05:17	2008-05-01 08:05:24	111.29404614235044	16.0	9.0	False	0
1959	['bus']	2008-05-01 08:05:24	2008-05-01 08:05:32	114.46425459041463	14.0	-2.0	False	0
1960	['bus']	2008-05-01 08:05:32	2008-05-01 08:05:39	111.470858166829	16.0	2.0	False	0
1961	['bus', 'walk']	2008-05-01 08:05:39	2008-05-01 08:05:45	603.5325538539506	101.0	85.0	True	0
1962	['walk']	2008-05-01 08:05:45	2008-05-01 08:08:57	531.4333687840824	3.0	-98.0	False	0
1963	['walk']	2008-05-01 08:08:57	2008-05-01 08:09:43	193.57116801077802	4.0	1.0	False	0
