	transMode	startDate	endDate	distance	speed	acceleration	hasChangepoint	hasStopPoint
11015	['walk', 'bus']	2008-07-31 10:22:23	2008-07-31 10:23:35	100.2418728558467	1.0	-38.0	True	0
11016	['bus']	2008-07-31 10:23:35	2008-07-31 10:23:45	114.39013392541412	11.0	10.0	False	0
11017	['bus']	2008-07-31 10:23:45	2008-07-31 10:23:51	110.654803349206	18.0	7.0	False	0
11018	['bus']	2008-07-31 10:23:51	2008-07-31 10:23:55	107.18869205058249	27.0	9.0	False	0
11019	['bus']	2008-07-31 10:23:55	2008-07-31 10:24:01	128.3344812600473	21.0	-6.0	False	0
11020	['bus']	2008-07-31 10:24:01	2008-07-31 10:24:07	127.66015936413393	21.0	0.0	False	0
11021	['bus']	2008-07-31 10:24:07	2008-07-31 10:24:13	120.65041407228324	20.0	-1.0	False	0
11022	['bus']	2008-07-31 10:24:13	2008-07-31 10:24:19	114.68812614314763	19.0	-1.0	False	0
11023	['bus']	2008-07-31 10:24:19	2008-07-31 10:24:25	111.19646657772549	19.0	0.0	False	0
11024	['bus']	2008-07-31 10:24:25	2008-07-31 10:24:33	117.50419451553758	15.0	-4.0	False	0
11025	['bus']	2008-07-31 10:24:33	2008-07-31 10:24:41	116.88558481751606	15.0	0.0	False	0
11026	['bus']	2008-07-31 10:24:41	2008-07-31 10:25:17	101.27103129980912	3.0	-12.0	False	1
11027	['bus']	2008-07-31 10:25:17	2008-07-31 10:25:43	103.07605609730574	4.0	1.0	False	0
11028	['bus']	2008-07-31 10:25:43	2008-07-31 10:25:53	108.43672735322863	11.0	7.0	False	0
11029	['bus']	2008-07-31 10:25:53	2008-07-31 10:25:59	105.82605094872596	18.0	7.0	False	0
11030	['bus']	2008-07-31 10:25:59	2008-07-31 10:26:05	118.68262150394904	20.0	2.0	False	0
11031	['bus']	2008-07-31 10:26:05	2008-07-31 10:26:11	119.26347426179034	20.0	0.0	False	0
11032	['bus']	2008-07-31 10:26:11	2008-07-31 10:26:17	114.20638461704989	19.0	-1.0	False	0
11033	['bus']	2008-07-31 10:26:17	2008-07-31 10:26:21	114.06111430784244	29.0	10.0	False	0
11034	['bus']	2008-07-31 10:26:21	2008-07-31 10:26:25	105.00507084549196	26.0	-3.0	False	0
11035	['bus']	2008-07-31 10:26:25	2008-07-31 10:26:29	100.97969103574164	25.0	-1.0	False	0
11036	['bus']	2008-07-31 10:26:29	2008-07-31 10:26:35	116.23660741915218	19.0	-6.0	False	0
11037	['bus']	2008-07-31 10:26:35	2008-07-31 10:27:31	114.03304556899843	2.0	-17.0	False	0
11038	['bus']	2008-07-31 10:27:31	2008-07-31 10:27:39	113.55689815305033	14.0	12.0	False	0
11039	['bus']	2008-07-31 10:27:39	2008-07-31 10:27:49	114.47549880828308	11.0	-3.0	False	0
11040	['bus']	2008-07-31 10:27:49	2008-07-31 10:27:57	101.30502992559288	13.0	2.0	False	0
11041	['bus']	2008-07-31 10:27:57	2008-07-31 10:28:05	111.78227423045448	14.0	1.0	False	0
11042	['bus']	2008-07-31 10:28:05	2008-07-31 10:28:13	115.12501369179452	14.0	0.0	False	0
11043	['bus']	2008-07-31 10:28:13	2008-07-31 10:28:21	116.01246027846418	15.0	1.0	False	0
11044	['bus']	2008-07-31 10:28:21	2008-07-31 10:28:27	110.56355601492014	18.0	3.0	False	0
11045	['bus']	2008-07-31 10:28:27	2008-07-31 10:28:35	105.13125302995329	13.0	-5.0	False	0
11046	['bus']	2008-07-31 10:28:35	2008-07-31 10:29:15	100.91101139165394	3.0	-10.0	False	0
11047	['bus']	2008-07-31 10:29:15	2008-07-31 10:29:31	118.30884988465657	7.0	4.0	False	0
11048	['bus']	2008-07-31 10:29:31	2008-07-31 10:29:37	105.86376418918977	18.0	11.0	False	0
11049	['bus']	2008-07-31 10:29:37	2008-07-31 10:29:43	114.2111194222503	19.0	1.0	False	0
11050	['bus']	2008-07-31 10:29:43	2008-07-31 10:29:49	122.10464542773607	20.0	1.0	False	0
11051	['bus']	2008-07-31 10:29:49	2008-07-31 10:29:55	116.99108701127868	19.0	-1.0	False	0
11052	['bus']	2008-07-31 10:29:55	2008-07-31 10:30:55	101.08926852119365	2.0	-17.0	False	3
11053	['bus']	2008-07-31 10:30:55	2008-07-31 10:31:13	111.56936716673253	6.0	4.0	False	0
11054	['bus']	2008-07-31 10:31:13	2008-07-31 10:31:21	103.0833210338905	13.0	7.0	False	0
11055	['bus']	2008-07-31 10:31:21	2008-07-31 10:31:29	101.53172671961347	13.0	0.0	False	0
11056	['bus']	2008-07-31 10:31:29	2008-07-31 10:32:05	100.4400268520931	3.0	-10.0	False	1
11057	['bus']	2008-07-31 10:32:05	2008-07-31 10:32:15	105.10799150254444	11.0	8.0	False	0
11058	['bus']	2008-07-31 10:32:15	2008-07-31 10:32:23	123.42805905088531	15.0	4.0	False	0
11059	['bus']	2008-07-31 10:32:23	2008-07-31 10:32:31	119.88469100058273	15.0	0.0	False	0
11060	['bus']	2008-07-31 10:32:31	2008-07-31 10:32:37	103.98355741037417	17.0	2.0	False	0
11061	['bus']	2008-07-31 10:32:37	2008-07-31 10:32:43	107.86638188601563	18.0	1.0	False	0
11062	['bus']	2008-07-31 10:32:43	2008-07-31 10:32:49	112.76126130422652	19.0	1.0	False	0
11063	['bus']	2008-07-31 10:32:49	2008-07-31 10:32:55	116.54311946156271	19.0	0.0	False	0
11064	['bus']	2008-07-31 10:32:55	2008-07-31 10:33:01	113.53944835939069	19.0	0.0	False	0
11065	['bus']	2008-07-31 10:33:01	2008-07-31 10:33:07	113.87627640617255	19.0	0.0	False	0
11066	['bus']	2008-07-31 10:33:07	2008-07-31 10:33:13	113.87040860679258	19.0	0.0	False	0
11067	['bus']	2008-07-31 10:33:13	2008-07-31 10:33:19	109.97425802872645	18.0	-1.0	False	0
11068	['bus']	2008-07-31 10:33:19	2008-07-31 10:33:25	106.31349051921961	18.0	0.0	False	0
11069	['bus']	2008-07-31 10:33:25	2008-07-31 10:33:49	102.00634455501259	4.0	-14.0	False	2
11070	['bus']	2008-07-31 10:33:49	2008-07-31 10:34:01	109.76826414786112	9.0	5.0	False	0
11071	['bus']	2008-07-31 10:34:01	2008-07-31 10:34:21	102.94479272657344	5.0	-4.0	False	0
11072	['bus']	2008-07-31 10:34:21	2008-07-31 10:34:37	116.87889345300586	7.0	2.0	False	0
11073	['bus']	2008-07-31 10:34:37	2008-07-31 10:34:59	102.81012236782014	5.0	-2.0	False	0
11074	['bus']	2008-07-31 10:34:59	2008-07-31 10:35:35	100.65714687178009	3.0	-2.0	False	0
11075	['bus']	2008-07-31 10:35:35	2008-07-31 10:36:35	106.34978656040263	2.0	-1.0	False	0
11076	['bus']	2008-07-31 10:36:35	2008-07-31 10:36:59	105.65249762077403	4.0	2.0	False	0
11077	['bus']	2008-07-31 10:36:59	2008-07-31 10:38:15	100.15012443435542	1.0	-3.0	False	0
11078	['bus']	2008-07-31 10:38:15	2008-07-31 10:39:19	102.83141649686775	2.0	1.0	False	0
11079	['bus']	2008-07-31 10:39:19	2008-07-31 10:40:03	109.40108761531526	2.0	0.0	False	0
11080	['bus']	2008-07-31 10:40:03	2008-07-31 10:40:13	107.90641314082806	11.0	9.0	False	0
11081	['bus']	2008-07-31 10:40:13	2008-07-31 10:40:21	108.27090404553493	14.0	3.0	False	0
11082	['bus']	2008-07-31 10:40:21	2008-07-31 10:40:27	104.7830599417169	17.0	3.0	False	0
11083	['bus']	2008-07-31 10:40:27	2008-07-31 10:40:35	107.81883694076741	13.0	-4.0	False	0
11084	['bus']	2008-07-31 10:40:35	2008-07-31 10:40:47	111.1413600829426	9.0	-4.0	False	0
11085	['bus']	2008-07-31 10:40:47	2008-07-31 10:40:59	116.60248430383946	10.0	1.0	False	0
11086	['bus']	2008-07-31 10:40:59	2008-07-31 10:41:07	100.97306521919003	13.0	3.0	False	0
11087	['bus']	2008-07-31 10:41:07	2008-07-31 10:41:17	111.35268234268192	11.0	-2.0	False	0
11088	['bus']	2008-07-31 10:41:17	2008-07-31 10:41:25	111.02975351858046	14.0	3.0	False	0
11089	['bus']	2008-07-31 10:41:25	2008-07-31 10:41:37	104.1275930571628	9.0	-5.0	False	0
11090	['bus']	2008-07-31 10:41:37	2008-07-31 10:41:49	121.63539061574352	10.0	1.0	False	0
11091	['bus']	2008-07-31 10:41:49	2008-07-31 10:41:57	101.43626437805682	13.0	3.0	False	0
11092	['bus']	2008-07-31 10:41:57	2008-07-31 10:42:05	102.56576832480772	13.0	0.0	False	0
11093	['bus']	2008-07-31 10:42:05	2008-07-31 10:42:55	103.84772503143856	2.0	-11.0	False	1
11094	['bus']	2008-07-31 10:42:55	2008-07-31 10:43:09	115.30395684217484	8.0	6.0	False	0
11095	['bus']	2008-07-31 10:43:09	2008-07-31 10:43:17	100.08084463714265	13.0	5.0	False	0
11096	['bus']	2008-07-31 10:43:17	2008-07-31 10:43:25	108.4210568991524	14.0	1.0	False	0
11097	['bus']	2008-07-31 10:43:25	2008-07-31 10:43:31	114.09439742606091	19.0	5.0	False	0
11098	['bus']	2008-07-31 10:43:31	2008-07-31 10:43:37	106.21572512296007	18.0	-1.0	False	0
11099	['bus']	2008-07-31 10:43:37	2008-07-31 10:43:45	102.78084066188717	13.0	-5.0	False	0
11100	['bus']	2008-07-31 10:43:45	2008-07-31 10:43:55	107.70585337370045	11.0	-2.0	False	0
11101	['bus']	2008-07-31 10:43:55	2008-07-31 10:44:05	111.45180349930045	11.0	0.0	False	0
11102	['bus']	2008-07-31 10:44:05	2008-07-31 10:44:13	113.1491911927182	14.0	3.0	False	0
11103	['bus']	2008-07-31 10:44:13	2008-07-31 10:44:21	114.75539587093647	14.0	0.0	False	0
11104	['bus']	2008-07-31 10:44:21	2008-07-31 10:44:27	125.79053927683916	21.0	7.0	False	0
11105	['bus']	2008-07-31 10:44:27	2008-07-31 10:44:33	121.73393318368986	20.0	-1.0	False	0
11106	['bus']	2008-07-31 10:44:33	2008-07-31 10:44:43	104.50088828515943	10.0	-10.0	False	0
11107	['bus']	2008-07-31 10:44:43	2008-07-31 10:45:29	102.22097220520573	2.0	-8.0	False	0
11108	['bus']	2008-07-31 10:45:29	2008-07-31 10:45:53	107.10720881373452	4.0	2.0	False	0
11109	['bus']	2008-07-31 10:45:53	2008-07-31 10:46:01	118.6959175509979	15.0	11.0	False	0
11110	['bus']	2008-07-31 10:46:01	2008-07-31 10:46:09	110.45750641346322	14.0	-1.0	False	0
11111	['bus']	2008-07-31 10:46:09	2008-07-31 10:46:21	111.36270185730766	9.0	-5.0	False	0
11112	['bus']	2008-07-31 10:46:21	2008-07-31 10:46:31	102.09201907814389	10.0	1.0	False	0
11113	['bus']	2008-07-31 10:46:31	2008-07-31 10:46:41	111.65555758975677	11.0	1.0	False	0
11114	['bus']	2008-07-31 10:46:41	2008-07-31 10:46:49	103.44076050778568	13.0	2.0	False	0
11115	['bus']	2008-07-31 10:46:49	2008-07-31 10:46:57	109.875383143338	14.0	1.0	False	0
11116	['bus']	2008-07-31 10:46:57	2008-07-31 10:47:05	109.77395169363277	14.0	0.0	False	0
11117	['bus']	2008-07-31 10:47:05	2008-07-31 10:47:13	121.78468111059402	15.0	1.0	False	0
11118	['bus']	2008-07-31 10:47:13	2008-07-31 10:47:19	106.66014894267099	18.0	3.0	False	0
11119	['bus']	2008-07-31 10:47:19	2008-07-31 10:47:25	103.6735783383922	17.0	-1.0	False	0
11120	['bus']	2008-07-31 10:47:25	2008-07-31 10:47:33	108.77752538924072	14.0	-3.0	False	0
11121	['bus']	2008-07-31 10:47:33	2008-07-31 10:47:43	121.97798874116371	12.0	-2.0	False	0
11122	['bus']	2008-07-31 10:47:43	2008-07-31 10:47:49	103.02198799092534	17.0	5.0	False	0
11123	['bus']	2008-07-31 10:47:49	2008-07-31 10:47:55	103.43178851574046	17.0	0.0	False	0
11124	['bus']	2008-07-31 10:47:55	2008-07-31 10:48:03	120.26195136081435	15.0	-2.0	False	0
11125	['bus']	2008-07-31 10:48:03	2008-07-31 10:48:11	114.44027061398586	14.0	-1.0	False	0
11126	['bus']	2008-07-31 10:48:11	2008-07-31 10:48:19	101.21156981759623	13.0	-1.0	False	0
11127	['bus']	2008-07-31 10:48:19	2008-07-31 10:49:39	116.74161001446953	1.0	-12.0	False	2
11128	['bus']	2008-07-31 10:49:39	2008-07-31 10:49:47	100.68799385143265	13.0	12.0	False	0
11129	['bus']	2008-07-31 10:49:47	2008-07-31 10:49:55	101.52930903678038	13.0	0.0	False	0
11130	['bus']	2008-07-31 10:49:55	2008-07-31 10:50:05	108.97001158279892	11.0	-2.0	False	0
11131	['bus']	2008-07-31 10:50:05	2008-07-31 10:50:57	101.48749376490021	2.0	-9.0	False	1
11132	['bus']	2008-07-31 10:50:57	2008-07-31 10:51:07	101.03515991983873	10.0	8.0	False	0
11133	['bus']	2008-07-31 10:51:07	2008-07-31 10:51:17	116.96511337924504	12.0	2.0	False	0
11134	['bus', 'walk']	2008-07-31 10:51:17	2008-07-31 10:51:37	107.53792547835864	5.0	-7.0	True	0
11135	['walk']	2008-07-31 10:51:37	2008-07-31 10:52:27	101.52656945174944	2.0	-3.0	False	0
11136	['walk']	2008-07-31 10:52:27	2008-07-31 10:53:39	101.34310569022539	1.0	-1.0	False	1
11137	['walk']	2008-07-31 10:53:39	2008-07-31 10:54:57	107.07478112368224	1.0	0.0	False	0
11138	['walk']	2008-07-31 10:54:57	2008-07-31 10:56:05	100.92193238794043	1.0	0.0	False	0
11139	['walk']	2008-07-31 10:56:05	2008-07-31 10:57:37	100.20304546874641	1.0	0.0	False	0
11140	['walk']	2008-07-31 10:57:37	2008-07-31 10:59:01	102.9883865247972	1.0	0.0	False	0
11141	['walk']	2008-07-31 10:59:01	2008-07-31 11:00:17	100.82413914507366	1.0	0.0	False	0
11142	['walk']	2008-07-31 11:00:17	2008-07-31 11:01:59	105.25529449012257	1.0	0.0	False	0
11143	['walk']	2008-07-31 11:01:59	2008-07-31 11:03:37	100.86976256834402	1.0	0.0	False	0
11144	['walk']	2008-07-31 11:03:37	2008-07-31 11:05:43	102.38715995911444	1.0	0.0	False	0
11145	['walk']	2008-07-31 11:05:43	2008-07-31 11:07:05	140.46414353522727	2.0	1.0	False	0
