	rawClass	segment_id	previousSegmentIDs	hasNotTransportMode	hasTransportMode	hasVelocity	hasAcceleration	hasChangepoint	isFasterThanAllPrevious	hasKnownTransportMode	previousHasVelocity	previousHasAcceleration	previousHasChangepoint	previousSegmentRelation	hasStopPoint	previousHasStopPoint
0	['bike']	segment(seg068_10397_0).	['segment(seg068_10397_1).', 'segment(seg068_10397_2).', 'segment(seg068_10397_3).', 'segment(seg068_10397_4).', 'segment(seg068_10397_5).']	['hasTransportMode(seg068_10397_0,bus).', 'hasTransportMode(seg068_10397_0,car).', 'hasTransportMode(seg068_10397_0,walk).']	['hasTransportMode(seg068_10397_0,bike).']	hasVelocity(seg068_10397_0,very_slow).	hasAcceleration(seg068_10397_0,unchanged).	empty	empty	['hasKnownTransportMode(seg068_10397_1,bike).', 'hasKnownTransportMode(seg068_10397_2,bike).', 'hasKnownTransportMode(seg068_10397_3,bike).', 'hasKnownTransportMode(seg068_10397_4,bike).', 'hasKnownTransportMode(seg068_10397_5,bike).']	['hasVelocity(seg068_10397_1,slow).', 'hasVelocity(seg068_10397_2,very_fast).', 'hasVelocity(seg068_10397_3,below_medium).', 'hasVelocity(seg068_10397_4,very_slow).', 'hasVelocity(seg068_10397_5,slow).']	['hasAcceleration(seg068_10397_1,unchanged).', 'hasAcceleration(seg068_10397_2,much_faster).', 'hasAcceleration(seg068_10397_3,slightly_faster).', 'hasAcceleration(seg068_10397_4,slightly_slower).', 'hasAcceleration(seg068_10397_5,unchanged).']	['empty', 'empty', 'empty', 'empty', 'empty']	['previousSegmentRelation(seg068_10397_0,seg068_10397_1).', 'previousSegmentRelation(seg068_10397_1,seg068_10397_2).', 'previousSegmentRelation(seg068_10397_2,seg068_10397_3).', 'previousSegmentRelation(seg068_10397_3,seg068_10397_4).', 'previousSegmentRelation(seg068_10397_4,seg068_10397_5).']	hasStopPoint(seg068_10397_0,none).	['hasStopPoint(seg068_10397_1,none).', 'hasStopPoint(seg068_10397_2,none).', 'hasStopPoint(seg068_10397_3,none).', 'hasStopPoint(seg068_10397_4,none).', 'hasStopPoint(seg068_10397_5,none).']
1	['bike']	segment(seg068_10398_0).	['segment(seg068_10398_1).', 'segment(seg068_10398_2).', 'segment(seg068_10398_3).', 'segment(seg068_10398_4).', 'segment(seg068_10398_5).']	['hasTransportMode(seg068_10398_0,bus).', 'hasTransportMode(seg068_10398_0,car).', 'hasTransportMode(seg068_10398_0,walk).']	['hasTransportMode(seg068_10398_0,bike).']	hasVelocity(seg068_10398_0,slow).	hasAcceleration(seg068_10398_0,unchanged).	empty	empty	['hasKnownTransportMode(seg068_10398_1,bike).', 'hasKnownTransportMode(seg068_10398_2,bike).', 'hasKnownTransportMode(seg068_10398_3,bike).', 'hasKnownTransportMode(seg068_10398_4,bike).', 'hasKnownTransportMode(seg068_10398_5,bike).']	['hasVelocity(seg068_10398_1,very_slow).', 'hasVelocity(seg068_10398_2,slow).', 'hasVelocity(seg068_10398_3,very_fast).', 'hasVelocity(seg068_10398_4,below_medium).', 'hasVelocity(seg068_10398_5,very_slow).']	['hasAcceleration(seg068_10398_1,unchanged).', 'hasAcceleration(seg068_10398_2,slightly_slower).', 'hasAcceleration(seg068_10398_3,much_faster).', 'hasAcceleration(seg068_10398_4,slightly_faster).', 'hasAcceleration(seg068_10398_5,slightly_slower).']	['empty', 'empty', 'empty', 'empty', 'empty']	['previousSegmentRelation(seg068_10398_0,seg068_10398_1).', 'previousSegmentRelation(seg068_10398_1,seg068_10398_2).', 'previousSegmentRelation(seg068_10398_2,seg068_10398_3).', 'previousSegmentRelation(seg068_10398_3,seg068_10398_4).', 'previousSegmentRelation(seg068_10398_4,seg068_10398_5).']	hasStopPoint(seg068_10398_0,none).	['hasStopPoint(seg068_10398_1,none).', 'hasStopPoint(seg068_10398_2,none).', 'hasStopPoint(seg068_10398_3,none).', 'hasStopPoint(seg068_10398_4,none).', 'hasStopPoint(seg068_10398_5,none).']
2	['bike']	segment(seg068_10399_0).	['segment(seg068_10399_1).', 'segment(seg068_10399_2).', 'segment(seg068_10399_3).', 'segment(seg068_10399_4).', 'segment(seg068_10399_5).']	['hasTransportMode(seg068_10399_0,bus).', 'hasTransportMode(seg068_10399_0,car).', 'hasTransportMode(seg068_10399_0,walk).']	['hasTransportMode(seg068_10399_0,bike).']	hasVelocity(seg068_10399_0,slow).	hasAcceleration(seg068_10399_0,unchanged).	empty	empty	['hasKnownTransportMode(seg068_10399_1,bike).', 'hasKnownTransportMode(seg068_10399_2,bike).', 'hasKnownTransportMode(seg068_10399_3,bike).', 'hasKnownTransportMode(seg068_10399_4,bike).', 'hasKnownTransportMode(seg068_10399_5,bike).']	['hasVelocity(seg068_10399_1,slow).', 'hasVelocity(seg068_10399_2,slow).', 'hasVelocity(seg068_10399_3,slow).', 'hasVelocity(seg068_10399_4,very_fast).', 'hasVelocity(seg068_10399_5,below_medium).']	['hasAcceleration(seg068_10399_1,unchanged).', 'hasAcceleration(seg068_10399_2,unchanged).', 'hasAcceleration(seg068_10399_3,slightly_slower).', 'hasAcceleration(seg068_10399_4,much_faster).', 'hasAcceleration(seg068_10399_5,slightly_faster).']	['empty', 'empty', 'empty', 'empty', 'empty']	['previousSegmentRelation(seg068_10399_0,seg068_10399_1).', 'previousSegmentRelation(seg068_10399_1,seg068_10399_2).', 'previousSegmentRelation(seg068_10399_2,seg068_10399_3).', 'previousSegmentRelation(seg068_10399_3,seg068_10399_4).', 'previousSegmentRelation(seg068_10399_4,seg068_10399_5).']	hasStopPoint(seg068_10399_0,none).	['hasStopPoint(seg068_10399_1,none).', 'hasStopPoint(seg068_10399_2,none).', 'hasStopPoint(seg068_10399_3,none).', 'hasStopPoint(seg068_10399_4,none).', 'hasStopPoint(seg068_10399_5,none).']
3	['bike']	segment(seg068_10400_0).	['segment(seg068_10400_1).', 'segment(seg068_10400_2).', 'segment(seg068_10400_3).', 'segment(seg068_10400_4).', 'segment(seg068_10400_5).']	['hasTransportMode(seg068_10400_0,bus).', 'hasTransportMode(seg068_10400_0,car).', 'hasTransportMode(seg068_10400_0,walk).']	['hasTransportMode(seg068_10400_0,bike).']	hasVelocity(seg068_10400_0,slow).	hasAcceleration(seg068_10400_0,unchanged).	empty	empty	['hasKnownTransportMode(seg068_10400_1,bike).', 'hasKnownTransportMode(seg068_10400_2,bike).', 'hasKnownTransportMode(seg068_10400_3,bike).', 'hasKnownTransportMode(seg068_10400_4,bike).', 'hasKnownTransportMode(seg068_10400_5,bike).']	['hasVelocity(seg068_10400_1,slow).', 'hasVelocity(seg068_10400_2,slow).', 'hasVelocity(seg068_10400_3,slow).', 'hasVelocity(seg068_10400_4,slow).', 'hasVelocity(seg068_10400_5,very_fast).']	['hasAcceleration(seg068_10400_1,unchanged).', 'hasAcceleration(seg068_10400_2,unchanged).', 'hasAcceleration(seg068_10400_3,unchanged).', 'hasAcceleration(seg068_10400_4,slightly_slower).', 'hasAcceleration(seg068_10400_5,much_faster).']	['empty', 'empty', 'empty', 'empty', 'empty']	['previousSegmentRelation(seg068_10400_0,seg068_10400_1).', 'previousSegmentRelation(seg068_10400_1,seg068_10400_2).', 'previousSegmentRelation(seg068_10400_2,seg068_10400_3).', 'previousSegmentRelation(seg068_10400_3,seg068_10400_4).', 'previousSegmentRelation(seg068_10400_4,seg068_10400_5).']	hasStopPoint(seg068_10400_0,none).	['hasStopPoint(seg068_10400_1,none).', 'hasStopPoint(seg068_10400_2,none).', 'hasStopPoint(seg068_10400_3,none).', 'hasStopPoint(seg068_10400_4,none).', 'hasStopPoint(seg068_10400_5,none).']
4	['bike']	segment(seg068_10401_0).	['segment(seg068_10401_1).', 'segment(seg068_10401_2).', 'segment(seg068_10401_3).', 'segment(seg068_10401_4).', 'segment(seg068_10401_5).']	['hasTransportMode(seg068_10401_0,bus).', 'hasTransportMode(seg068_10401_0,car).', 'hasTransportMode(seg068_10401_0,walk).']	['hasTransportMode(seg068_10401_0,bike).']	hasVelocity(seg068_10401_0,slow).	hasAcceleration(seg068_10401_0,unchanged).	empty	empty	['hasKnownTransportMode(seg068_10401_1,bike).', 'hasKnownTransportMode(seg068_10401_2,bike).', 'hasKnownTransportMode(seg068_10401_3,bike).', 'hasKnownTransportMode(seg068_10401_4,bike).', 'hasKnownTransportMode(seg068_10401_5,bike).']	['hasVelocity(seg068_10401_1,slow).', 'hasVelocity(seg068_10401_2,slow).', 'hasVelocity(seg068_10401_3,slow).', 'hasVelocity(seg068_10401_4,slow).', 'hasVelocity(seg068_10401_5,slow).']	['hasAcceleration(seg068_10401_1,unchanged).', 'hasAcceleration(seg068_10401_2,unchanged).', 'hasAcceleration(seg068_10401_3,unchanged).', 'hasAcceleration(seg068_10401_4,unchanged).', 'hasAcceleration(seg068_10401_5,slightly_slower).']	['empty', 'empty', 'empty', 'empty', 'empty']	['previousSegmentRelation(seg068_10401_0,seg068_10401_1).', 'previousSegmentRelation(seg068_10401_1,seg068_10401_2).', 'previousSegmentRelation(seg068_10401_2,seg068_10401_3).', 'previousSegmentRelation(seg068_10401_3,seg068_10401_4).', 'previousSegmentRelation(seg068_10401_4,seg068_10401_5).']	hasStopPoint(seg068_10401_0,none).	['hasStopPoint(seg068_10401_1,none).', 'hasStopPoint(seg068_10401_2,none).', 'hasStopPoint(seg068_10401_3,none).', 'hasStopPoint(seg068_10401_4,none).', 'hasStopPoint(seg068_10401_5,none).']
5	['bike']	segment(seg068_10402_0).	['segment(seg068_10402_1).', 'segment(seg068_10402_2).', 'segment(seg068_10402_3).', 'segment(seg068_10402_4).', 'segment(seg068_10402_5).']	['hasTransportMode(seg068_10402_0,bus).', 'hasTransportMode(seg068_10402_0,car).', 'hasTransportMode(seg068_10402_0,walk).']	['hasTransportMode(seg068_10402_0,bike).']	hasVelocity(seg068_10402_0,slow).	hasAcceleration(seg068_10402_0,unchanged).	empty	empty	['hasKnownTransportMode(seg068_10402_1,bike).', 'hasKnownTransportMode(seg068_10402_2,bike).', 'hasKnownTransportMode(seg068_10402_3,bike).', 'hasKnownTransportMode(seg068_10402_4,bike).', 'hasKnownTransportMode(seg068_10402_5,bike).']	['hasVelocity(seg068_10402_1,slow).', 'hasVelocity(seg068_10402_2,slow).', 'hasVelocity(seg068_10402_3,slow).', 'hasVelocity(seg068_10402_4,slow).', 'hasVelocity(seg068_10402_5,slow).']	['hasAcceleration(seg068_10402_1,unchanged).', 'hasAcceleration(seg068_10402_2,unchanged).', 'hasAcceleration(seg068_10402_3,unchanged).', 'hasAcceleration(seg068_10402_4,unchanged).', 'hasAcceleration(seg068_10402_5,unchanged).']	['empty', 'empty', 'empty', 'empty', 'empty']	['previousSegmentRelation(seg068_10402_0,seg068_10402_1).', 'previousSegmentRelation(seg068_10402_1,seg068_10402_2).', 'previousSegmentRelation(seg068_10402_2,seg068_10402_3).', 'previousSegmentRelation(seg068_10402_3,seg068_10402_4).', 'previousSegmentRelation(seg068_10402_4,seg068_10402_5).']	hasStopPoint(seg068_10402_0,none).	['hasStopPoint(seg068_10402_1,none).', 'hasStopPoint(seg068_10402_2,none).', 'hasStopPoint(seg068_10402_3,none).', 'hasStopPoint(seg068_10402_4,none).', 'hasStopPoint(seg068_10402_5,none).']
6	['bike']	segment(seg068_10403_0).	['segment(seg068_10403_1).', 'segment(seg068_10403_2).', 'segment(seg068_10403_3).', 'segment(seg068_10403_4).', 'segment(seg068_10403_5).']	['hasTransportMode(seg068_10403_0,bus).', 'hasTransportMode(seg068_10403_0,car).', 'hasTransportMode(seg068_10403_0,walk).']	['hasTransportMode(seg068_10403_0,bike).']	hasVelocity(seg068_10403_0,slow).	hasAcceleration(seg068_10403_0,unchanged).	empty	empty	['hasKnownTransportMode(seg068_10403_1,bike).', 'hasKnownTransportMode(seg068_10403_2,bike).', 'hasKnownTransportMode(seg068_10403_3,bike).', 'hasKnownTransportMode(seg068_10403_4,bike).', 'hasKnownTransportMode(seg068_10403_5,bike).']	['hasVelocity(seg068_10403_1,slow).', 'hasVelocity(seg068_10403_2,very_slow).', 'hasVelocity(seg068_10403_3,slow).', 'hasVelocity(seg068_10403_4,slow).', 'hasVelocity(seg068_10403_5,slow).']	['hasAcceleration(seg068_10403_1,unchanged).', 'hasAcceleration(seg068_10403_2,unchanged).', 'hasAcceleration(seg068_10403_3,unchanged).', 'hasAcceleration(seg068_10403_4,unchanged).', 'hasAcceleration(seg068_10403_5,unchanged).']	['empty', 'empty', 'empty', 'empty', 'empty']	['previousSegmentRelation(seg068_10403_0,seg068_10403_1).', 'previousSegmentRelation(seg068_10403_1,seg068_10403_2).', 'previousSegmentRelation(seg068_10403_2,seg068_10403_3).', 'previousSegmentRelation(seg068_10403_3,seg068_10403_4).', 'previousSegmentRelation(seg068_10403_4,seg068_10403_5).']	hasStopPoint(seg068_10403_0,none).	['hasStopPoint(seg068_10403_1,none).', 'hasStopPoint(seg068_10403_2,none).', 'hasStopPoint(seg068_10403_3,none).', 'hasStopPoint(seg068_10403_4,none).', 'hasStopPoint(seg068_10403_5,none).']
7	['bike']	segment(seg068_10404_0).	['segment(seg068_10404_1).', 'segment(seg068_10404_2).', 'segment(seg068_10404_3).', 'segment(seg068_10404_4).', 'segment(seg068_10404_5).']	['hasTransportMode(seg068_10404_0,bus).', 'hasTransportMode(seg068_10404_0,car).', 'hasTransportMode(seg068_10404_0,walk).']	['hasTransportMode(seg068_10404_0,bike).']	hasVelocity(seg068_10404_0,slow).	hasAcceleration(seg068_10404_0,unchanged).	empty	empty	['hasKnownTransportMode(seg068_10404_1,bike).', 'hasKnownTransportMode(seg068_10404_2,bike).', 'hasKnownTransportMode(seg068_10404_3,bike).', 'hasKnownTransportMode(seg068_10404_4,bike).', 'hasKnownTransportMode(seg068_10404_5,bike).']	['hasVelocity(seg068_10404_1,slow).', 'hasVelocity(seg068_10404_2,slow).', 'hasVelocity(seg068_10404_3,very_slow).', 'hasVelocity(seg068_10404_4,slow).', 'hasVelocity(seg068_10404_5,slow).']	['hasAcceleration(seg068_10404_1,unchanged).', 'hasAcceleration(seg068_10404_2,unchanged).', 'hasAcceleration(seg068_10404_3,unchanged).', 'hasAcceleration(seg068_10404_4,unchanged).', 'hasAcceleration(seg068_10404_5,unchanged).']	['empty', 'empty', 'empty', 'empty', 'empty']	['previousSegmentRelation(seg068_10404_0,seg068_10404_1).', 'previousSegmentRelation(seg068_10404_1,seg068_10404_2).', 'previousSegmentRelation(seg068_10404_2,seg068_10404_3).', 'previousSegmentRelation(seg068_10404_3,seg068_10404_4).', 'previousSegmentRelation(seg068_10404_4,seg068_10404_5).']	hasStopPoint(seg068_10404_0,none).	['hasStopPoint(seg068_10404_1,none).', 'hasStopPoint(seg068_10404_2,none).', 'hasStopPoint(seg068_10404_3,none).', 'hasStopPoint(seg068_10404_4,none).', 'hasStopPoint(seg068_10404_5,none).']
8	['bike']	segment(seg068_10405_0).	['segment(seg068_10405_1).', 'segment(seg068_10405_2).', 'segment(seg068_10405_3).', 'segment(seg068_10405_4).', 'segment(seg068_10405_5).']	['hasTransportMode(seg068_10405_0,bus).', 'hasTransportMode(seg068_10405_0,car).', 'hasTransportMode(seg068_10405_0,walk).']	['hasTransportMode(seg068_10405_0,bike).']	hasVelocity(seg068_10405_0,very_slow).	hasAcceleration(seg068_10405_0,slightly_slower).	empty	empty	['hasKnownTransportMode(seg068_10405_1,bike).', 'hasKnownTransportMode(seg068_10405_2,bike).', 'hasKnownTransportMode(seg068_10405_3,bike).', 'hasKnownTransportMode(seg068_10405_4,bike).', 'hasKnownTransportMode(seg068_10405_5,bike).']	['hasVelocity(seg068_10405_1,slow).', 'hasVelocity(seg068_10405_2,slow).', 'hasVelocity(seg068_10405_3,slow).', 'hasVelocity(seg068_10405_4,very_slow).', 'hasVelocity(seg068_10405_5,slow).']	['hasAcceleration(seg068_10405_1,unchanged).', 'hasAcceleration(seg068_10405_2,unchanged).', 'hasAcceleration(seg068_10405_3,unchanged).', 'hasAcceleration(seg068_10405_4,unchanged).', 'hasAcceleration(seg068_10405_5,unchanged).']	['empty', 'empty', 'empty', 'empty', 'empty']	['previousSegmentRelation(seg068_10405_0,seg068_10405_1).', 'previousSegmentRelation(seg068_10405_1,seg068_10405_2).', 'previousSegmentRelation(seg068_10405_2,seg068_10405_3).', 'previousSegmentRelation(seg068_10405_3,seg068_10405_4).', 'previousSegmentRelation(seg068_10405_4,seg068_10405_5).']	hasStopPoint(seg068_10405_0,none).	['hasStopPoint(seg068_10405_1,none).', 'hasStopPoint(seg068_10405_2,none).', 'hasStopPoint(seg068_10405_3,none).', 'hasStopPoint(seg068_10405_4,none).', 'hasStopPoint(seg068_10405_5,none).']
9	['bike']	segment(seg068_10406_0).	['segment(seg068_10406_1).', 'segment(seg068_10406_2).', 'segment(seg068_10406_3).', 'segment(seg068_10406_4).', 'segment(seg068_10406_5).']	['hasTransportMode(seg068_10406_0,bus).', 'hasTransportMode(seg068_10406_0,car).', 'hasTransportMode(seg068_10406_0,walk).']	['hasTransportMode(seg068_10406_0,bike).']	hasVelocity(seg068_10406_0,very_slow).	hasAcceleration(seg068_10406_0,unchanged).	empty	empty	['hasKnownTransportMode(seg068_10406_1,bike).', 'hasKnownTransportMode(seg068_10406_2,bike).', 'hasKnownTransportMode(seg068_10406_3,bike).', 'hasKnownTransportMode(seg068_10406_4,bike).', 'hasKnownTransportMode(seg068_10406_5,bike).']	['hasVelocity(seg068_10406_1,very_slow).', 'hasVelocity(seg068_10406_2,slow).', 'hasVelocity(seg068_10406_3,slow).', 'hasVelocity(seg068_10406_4,slow).', 'hasVelocity(seg068_10406_5,very_slow).']	['hasAcceleration(seg068_10406_1,slightly_slower).', 'hasAcceleration(seg068_10406_2,unchanged).', 'hasAcceleration(seg068_10406_3,unchanged).', 'hasAcceleration(seg068_10406_4,unchanged).', 'hasAcceleration(seg068_10406_5,unchanged).']	['empty', 'empty', 'empty', 'empty', 'empty']	['previousSegmentRelation(seg068_10406_0,seg068_10406_1).', 'previousSegmentRelation(seg068_10406_1,seg068_10406_2).', 'previousSegmentRelation(seg068_10406_2,seg068_10406_3).', 'previousSegmentRelation(seg068_10406_3,seg068_10406_4).', 'previousSegmentRelation(seg068_10406_4,seg068_10406_5).']	hasStopPoint(seg068_10406_0,none).	['hasStopPoint(seg068_10406_1,none).', 'hasStopPoint(seg068_10406_2,none).', 'hasStopPoint(seg068_10406_3,none).', 'hasStopPoint(seg068_10406_4,none).', 'hasStopPoint(seg068_10406_5,none).']
10	['bike']	segment(seg068_10407_0).	['segment(seg068_10407_1).', 'segment(seg068_10407_2).', 'segment(seg068_10407_3).', 'segment(seg068_10407_4).', 'segment(seg068_10407_5).']	['hasTransportMode(seg068_10407_0,bus).', 'hasTransportMode(seg068_10407_0,car).', 'hasTransportMode(seg068_10407_0,walk).']	['hasTransportMode(seg068_10407_0,bike).']	hasVelocity(seg068_10407_0,very_slow).	hasAcceleration(seg068_10407_0,unchanged).	empty	empty	['hasKnownTransportMode(seg068_10407_1,bike).', 'hasKnownTransportMode(seg068_10407_2,bike).', 'hasKnownTransportMode(seg068_10407_3,bike).', 'hasKnownTransportMode(seg068_10407_4,bike).', 'hasKnownTransportMode(seg068_10407_5,bike).']	['hasVelocity(seg068_10407_1,very_slow).', 'hasVelocity(seg068_10407_2,slow).', 'hasVelocity(seg068_10407_3,slow).', 'hasVelocity(seg068_10407_4,slow).', 'hasVelocity(seg068_10407_5,slow).']	['hasAcceleration(seg068_10407_1,unchanged).', 'hasAcceleration(seg068_10407_2,unchanged).', 'hasAcceleration(seg068_10407_3,unchanged).', 'hasAcceleration(seg068_10407_4,unchanged).', 'hasAcceleration(seg068_10407_5,unchanged).']	['empty', 'empty', 'empty', 'empty', 'empty']	['previousSegmentRelation(seg068_10407_0,seg068_10407_1).', 'previousSegmentRelation(seg068_10407_1,seg068_10407_2).', 'previousSegmentRelation(seg068_10407_2,seg068_10407_3).', 'previousSegmentRelation(seg068_10407_3,seg068_10407_4).', 'previousSegmentRelation(seg068_10407_4,seg068_10407_5).']	hasStopPoint(seg068_10407_0,none).	['hasStopPoint(seg068_10407_1,none).', 'hasStopPoint(seg068_10407_2,none).', 'hasStopPoint(seg068_10407_3,none).', 'hasStopPoint(seg068_10407_4,none).', 'hasStopPoint(seg068_10407_5,none).']
11	['bike']	segment(seg068_10408_0).	['segment(seg068_10408_1).', 'segment(seg068_10408_2).', 'segment(seg068_10408_3).', 'segment(seg068_10408_4).', 'segment(seg068_10408_5).']	['hasTransportMode(seg068_10408_0,bus).', 'hasTransportMode(seg068_10408_0,car).', 'hasTransportMode(seg068_10408_0,walk).']	['hasTransportMode(seg068_10408_0,bike).']	hasVelocity(seg068_10408_0,slow).	hasAcceleration(seg068_10408_0,unchanged).	empty	empty	['hasKnownTransportMode(seg068_10408_1,bike).', 'hasKnownTransportMode(seg068_10408_2,bike).', 'hasKnownTransportMode(seg068_10408_3,bike).', 'hasKnownTransportMode(seg068_10408_4,bike).', 'hasKnownTransportMode(seg068_10408_5,bike).']	['hasVelocity(seg068_10408_1,very_slow).', 'hasVelocity(seg068_10408_2,slow).', 'hasVelocity(seg068_10408_3,slow).', 'hasVelocity(seg068_10408_4,slow).', 'hasVelocity(seg068_10408_5,slow).']	['hasAcceleration(seg068_10408_1,unchanged).', 'hasAcceleration(seg068_10408_2,unchanged).', 'hasAcceleration(seg068_10408_3,unchanged).', 'hasAcceleration(seg068_10408_4,unchanged).', 'hasAcceleration(seg068_10408_5,unchanged).']	['empty', 'empty', 'empty', 'empty', 'empty']	['previousSegmentRelation(seg068_10408_0,seg068_10408_1).', 'previousSegmentRelation(seg068_10408_1,seg068_10408_2).', 'previousSegmentRelation(seg068_10408_2,seg068_10408_3).', 'previousSegmentRelation(seg068_10408_3,seg068_10408_4).', 'previousSegmentRelation(seg068_10408_4,seg068_10408_5).']	hasStopPoint(seg068_10408_0,none).	['hasStopPoint(seg068_10408_1,none).', 'hasStopPoint(seg068_10408_2,none).', 'hasStopPoint(seg068_10408_3,none).', 'hasStopPoint(seg068_10408_4,none).', 'hasStopPoint(seg068_10408_5,none).']
12	['bike']	segment(seg068_10409_0).	['segment(seg068_10409_1).', 'segment(seg068_10409_2).', 'segment(seg068_10409_3).', 'segment(seg068_10409_4).', 'segment(seg068_10409_5).']	['hasTransportMode(seg068_10409_0,bus).', 'hasTransportMode(seg068_10409_0,car).', 'hasTransportMode(seg068_10409_0,walk).']	['hasTransportMode(seg068_10409_0,bike).']	hasVelocity(seg068_10409_0,very_slow).	hasAcceleration(seg068_10409_0,unchanged).	empty	empty	['hasKnownTransportMode(seg068_10409_1,bike).', 'hasKnownTransportMode(seg068_10409_2,bike).', 'hasKnownTransportMode(seg068_10409_3,bike).', 'hasKnownTransportMode(seg068_10409_4,bike).', 'hasKnownTransportMode(seg068_10409_5,bike).']	['hasVelocity(seg068_10409_1,slow).', 'hasVelocity(seg068_10409_2,slow).', 'hasVelocity(seg068_10409_3,slow).', 'hasVelocity(seg068_10409_4,slow).', 'hasVelocity(seg068_10409_5,slow).']	['hasAcceleration(seg068_10409_1,unchanged).', 'hasAcceleration(seg068_10409_2,unchanged).', 'hasAcceleration(seg068_10409_3,unchanged).', 'hasAcceleration(seg068_10409_4,unchanged).', 'hasAcceleration(seg068_10409_5,unchanged).']	['empty', 'empty', 'empty', 'empty', 'empty']	['previousSegmentRelation(seg068_10409_0,seg068_10409_1).', 'previousSegmentRelation(seg068_10409_1,seg068_10409_2).', 'previousSegmentRelation(seg068_10409_2,seg068_10409_3).', 'previousSegmentRelation(seg068_10409_3,seg068_10409_4).', 'previousSegmentRelation(seg068_10409_4,seg068_10409_5).']	hasStopPoint(seg068_10409_0,none).	['hasStopPoint(seg068_10409_1,none).', 'hasStopPoint(seg068_10409_2,none).', 'hasStopPoint(seg068_10409_3,none).', 'hasStopPoint(seg068_10409_4,none).', 'hasStopPoint(seg068_10409_5,none).']
13	['bike']	segment(seg068_10410_0).	['segment(seg068_10410_1).', 'segment(seg068_10410_2).', 'segment(seg068_10410_3).', 'segment(seg068_10410_4).', 'segment(seg068_10410_5).']	['hasTransportMode(seg068_10410_0,bus).', 'hasTransportMode(seg068_10410_0,car).', 'hasTransportMode(seg068_10410_0,walk).']	['hasTransportMode(seg068_10410_0,bike).']	hasVelocity(seg068_10410_0,slow).	hasAcceleration(seg068_10410_0,unchanged).	empty	empty	['hasKnownTransportMode(seg068_10410_1,bike).', 'hasKnownTransportMode(seg068_10410_2,bike).', 'hasKnownTransportMode(seg068_10410_3,bike).', 'hasKnownTransportMode(seg068_10410_4,bike).', 'hasKnownTransportMode(seg068_10410_5,bike).']	['hasVelocity(seg068_10410_1,very_slow).', 'hasVelocity(seg068_10410_2,slow).', 'hasVelocity(seg068_10410_3,slow).', 'hasVelocity(seg068_10410_4,slow).', 'hasVelocity(seg068_10410_5,slow).']	['hasAcceleration(seg068_10410_1,unchanged).', 'hasAcceleration(seg068_10410_2,unchanged).', 'hasAcceleration(seg068_10410_3,unchanged).', 'hasAcceleration(seg068_10410_4,unchanged).', 'hasAcceleration(seg068_10410_5,unchanged).']	['empty', 'empty', 'empty', 'empty', 'empty']	['previousSegmentRelation(seg068_10410_0,seg068_10410_1).', 'previousSegmentRelation(seg068_10410_1,seg068_10410_2).', 'previousSegmentRelation(seg068_10410_2,seg068_10410_3).', 'previousSegmentRelation(seg068_10410_3,seg068_10410_4).', 'previousSegmentRelation(seg068_10410_4,seg068_10410_5).']	hasStopPoint(seg068_10410_0,none).	['hasStopPoint(seg068_10410_1,none).', 'hasStopPoint(seg068_10410_2,none).', 'hasStopPoint(seg068_10410_3,none).', 'hasStopPoint(seg068_10410_4,none).', 'hasStopPoint(seg068_10410_5,none).']
14	['bike']	segment(seg068_10411_0).	['segment(seg068_10411_1).', 'segment(seg068_10411_2).', 'segment(seg068_10411_3).', 'segment(seg068_10411_4).', 'segment(seg068_10411_5).']	['hasTransportMode(seg068_10411_0,bus).', 'hasTransportMode(seg068_10411_0,car).', 'hasTransportMode(seg068_10411_0,walk).']	['hasTransportMode(seg068_10411_0,bike).']	hasVelocity(seg068_10411_0,slow).	hasAcceleration(seg068_10411_0,unchanged).	empty	empty	['hasKnownTransportMode(seg068_10411_1,bike).', 'hasKnownTransportMode(seg068_10411_2,bike).', 'hasKnownTransportMode(seg068_10411_3,bike).', 'hasKnownTransportMode(seg068_10411_4,bike).', 'hasKnownTransportMode(seg068_10411_5,bike).']	['hasVelocity(seg068_10411_1,slow).', 'hasVelocity(seg068_10411_2,very_slow).', 'hasVelocity(seg068_10411_3,slow).', 'hasVelocity(seg068_10411_4,slow).', 'hasVelocity(seg068_10411_5,slow).']	['hasAcceleration(seg068_10411_1,unchanged).', 'hasAcceleration(seg068_10411_2,slightly_slower).', 'hasAcceleration(seg068_10411_3,unchanged).', 'hasAcceleration(seg068_10411_4,unchanged).', 'hasAcceleration(seg068_10411_5,unchanged).']	['empty', 'empty', 'empty', 'empty', 'empty']	['previousSegmentRelation(seg068_10411_0,seg068_10411_1).', 'previousSegmentRelation(seg068_10411_1,seg068_10411_2).', 'previousSegmentRelation(seg068_10411_2,seg068_10411_3).', 'previousSegmentRelation(seg068_10411_3,seg068_10411_4).', 'previousSegmentRelation(seg068_10411_4,seg068_10411_5).']	hasStopPoint(seg068_10411_0,none).	['hasStopPoint(seg068_10411_1,none).', 'hasStopPoint(seg068_10411_2,none).', 'hasStopPoint(seg068_10411_3,none).', 'hasStopPoint(seg068_10411_4,none).', 'hasStopPoint(seg068_10411_5,none).']
15	['bike']	segment(seg068_10412_0).	['segment(seg068_10412_1).', 'segment(seg068_10412_2).', 'segment(seg068_10412_3).', 'segment(seg068_10412_4).', 'segment(seg068_10412_5).']	['hasTransportMode(seg068_10412_0,bus).', 'hasTransportMode(seg068_10412_0,car).', 'hasTransportMode(seg068_10412_0,walk).']	['hasTransportMode(seg068_10412_0,bike).']	hasVelocity(seg068_10412_0,below_medium).	hasAcceleration(seg068_10412_0,slightly_faster).	empty	empty	['hasKnownTransportMode(seg068_10412_1,bike).', 'hasKnownTransportMode(seg068_10412_2,bike).', 'hasKnownTransportMode(seg068_10412_3,bike).', 'hasKnownTransportMode(seg068_10412_4,bike).', 'hasKnownTransportMode(seg068_10412_5,bike).']	['hasVelocity(seg068_10412_1,slow).', 'hasVelocity(seg068_10412_2,very_slow).', 'hasVelocity(seg068_10412_3,very_slow).', 'hasVelocity(seg068_10412_4,slow).', 'hasVelocity(seg068_10412_5,slow).']	['hasAcceleration(seg068_10412_1,unchanged).', 'hasAcceleration(seg068_10412_2,unchanged).', 'hasAcceleration(seg068_10412_3,slightly_slower).', 'hasAcceleration(seg068_10412_4,unchanged).', 'hasAcceleration(seg068_10412_5,unchanged).']	['empty', 'empty', 'empty', 'empty', 'empty']	['previousSegmentRelation(seg068_10412_0,seg068_10412_1).', 'previousSegmentRelation(seg068_10412_1,seg068_10412_2).', 'previousSegmentRelation(seg068_10412_2,seg068_10412_3).', 'previousSegmentRelation(seg068_10412_3,seg068_10412_4).', 'previousSegmentRelation(seg068_10412_4,seg068_10412_5).']	hasStopPoint(seg068_10412_0,none).	['hasStopPoint(seg068_10412_1,none).', 'hasStopPoint(seg068_10412_2,none).', 'hasStopPoint(seg068_10412_3,none).', 'hasStopPoint(seg068_10412_4,none).', 'hasStopPoint(seg068_10412_5,none).']
16	['bike']	segment(seg068_10413_0).	['segment(seg068_10413_1).', 'segment(seg068_10413_2).', 'segment(seg068_10413_3).', 'segment(seg068_10413_4).', 'segment(seg068_10413_5).']	['hasTransportMode(seg068_10413_0,bus).', 'hasTransportMode(seg068_10413_0,car).', 'hasTransportMode(seg068_10413_0,walk).']	['hasTransportMode(seg068_10413_0,bike).']	hasVelocity(seg068_10413_0,below_medium).	hasAcceleration(seg068_10413_0,unchanged).	empty	empty	['hasKnownTransportMode(seg068_10413_1,bike).', 'hasKnownTransportMode(seg068_10413_2,bike).', 'hasKnownTransportMode(seg068_10413_3,bike).', 'hasKnownTransportMode(seg068_10413_4,bike).', 'hasKnownTransportMode(seg068_10413_5,bike).']	['hasVelocity(seg068_10413_1,below_medium).', 'hasVelocity(seg068_10413_2,very_slow).', 'hasVelocity(seg068_10413_3,very_slow).', 'hasVelocity(seg068_10413_4,very_slow).', 'hasVelocity(seg068_10413_5,slow).']	['hasAcceleration(seg068_10413_1,slightly_faster).', 'hasAcceleration(seg068_10413_2,unchanged).', 'hasAcceleration(seg068_10413_3,unchanged).', 'hasAcceleration(seg068_10413_4,slightly_slower).', 'hasAcceleration(seg068_10413_5,unchanged).']	['empty', 'empty', 'empty', 'empty', 'empty']	['previousSegmentRelation(seg068_10413_0,seg068_10413_1).', 'previousSegmentRelation(seg068_10413_1,seg068_10413_2).', 'previousSegmentRelation(seg068_10413_2,seg068_10413_3).', 'previousSegmentRelation(seg068_10413_3,seg068_10413_4).', 'previousSegmentRelation(seg068_10413_4,seg068_10413_5).']	hasStopPoint(seg068_10413_0,none).	['hasStopPoint(seg068_10413_1,none).', 'hasStopPoint(seg068_10413_2,none).', 'hasStopPoint(seg068_10413_3,none).', 'hasStopPoint(seg068_10413_4,none).', 'hasStopPoint(seg068_10413_5,none).']
17	['bike']	segment(seg068_10414_0).	['segment(seg068_10414_1).', 'segment(seg068_10414_2).', 'segment(seg068_10414_3).', 'segment(seg068_10414_4).', 'segment(seg068_10414_5).']	['hasTransportMode(seg068_10414_0,bus).', 'hasTransportMode(seg068_10414_0,car).', 'hasTransportMode(seg068_10414_0,walk).']	['hasTransportMode(seg068_10414_0,bike).']	hasVelocity(seg068_10414_0,slow).	hasAcceleration(seg068_10414_0,slightly_slower).	empty	empty	['hasKnownTransportMode(seg068_10414_1,bike).', 'hasKnownTransportMode(seg068_10414_2,bike).', 'hasKnownTransportMode(seg068_10414_3,bike).', 'hasKnownTransportMode(seg068_10414_4,bike).', 'hasKnownTransportMode(seg068_10414_5,bike).']	['hasVelocity(seg068_10414_1,below_medium).', 'hasVelocity(seg068_10414_2,slow).', 'hasVelocity(seg068_10414_3,very_slow).', 'hasVelocity(seg068_10414_4,very_slow).', 'hasVelocity(seg068_10414_5,very_slow).']	['hasAcceleration(seg068_10414_1,unchanged).', 'hasAcceleration(seg068_10414_2,unchanged).', 'hasAcceleration(seg068_10414_3,unchanged).', 'hasAcceleration(seg068_10414_4,unchanged).', 'hasAcceleration(seg068_10414_5,slightly_slower).']	['empty', 'empty', 'empty', 'empty', 'empty']	['previousSegmentRelation(seg068_10414_0,seg068_10414_1).', 'previousSegmentRelation(seg068_10414_1,seg068_10414_2).', 'previousSegmentRelation(seg068_10414_2,seg068_10414_3).', 'previousSegmentRelation(seg068_10414_3,seg068_10414_4).', 'previousSegmentRelation(seg068_10414_4,seg068_10414_5).']	hasStopPoint(seg068_10414_0,none).	['hasStopPoint(seg068_10414_1,none).', 'hasStopPoint(seg068_10414_2,none).', 'hasStopPoint(seg068_10414_3,none).', 'hasStopPoint(seg068_10414_4,none).', 'hasStopPoint(seg068_10414_5,none).']
18	['bike']	segment(seg068_10415_0).	['segment(seg068_10415_1).', 'segment(seg068_10415_2).', 'segment(seg068_10415_3).', 'segment(seg068_10415_4).', 'segment(seg068_10415_5).']	['hasTransportMode(seg068_10415_0,bus).', 'hasTransportMode(seg068_10415_0,car).', 'hasTransportMode(seg068_10415_0,walk).']	['hasTransportMode(seg068_10415_0,bike).']	hasVelocity(seg068_10415_0,slow).	hasAcceleration(seg068_10415_0,unchanged).	empty	empty	['hasKnownTransportMode(seg068_10415_1,bike).', 'hasKnownTransportMode(seg068_10415_2,bike).', 'hasKnownTransportMode(seg068_10415_3,bike).', 'hasKnownTransportMode(seg068_10415_4,bike).', 'hasKnownTransportMode(seg068_10415_5,bike).']	['hasVelocity(seg068_10415_1,slow).', 'hasVelocity(seg068_10415_2,very_slow).', 'hasVelocity(seg068_10415_3,slow).', 'hasVelocity(seg068_10415_4,very_slow).', 'hasVelocity(seg068_10415_5,very_slow).']	['hasAcceleration(seg068_10415_1,slightly_slower).', 'hasAcceleration(seg068_10415_2,unchanged).', 'hasAcceleration(seg068_10415_3,unchanged).', 'hasAcceleration(seg068_10415_4,unchanged).', 'hasAcceleration(seg068_10415_5,unchanged).']	['empty', 'empty', 'empty', 'empty', 'empty']	['previousSegmentRelation(seg068_10415_0,seg068_10415_1).', 'previousSegmentRelation(seg068_10415_1,seg068_10415_2).', 'previousSegmentRelation(seg068_10415_2,seg068_10415_3).', 'previousSegmentRelation(seg068_10415_3,seg068_10415_4).', 'previousSegmentRelation(seg068_10415_4,seg068_10415_5).']	hasStopPoint(seg068_10415_0,none).	['hasStopPoint(seg068_10415_1,none).', 'hasStopPoint(seg068_10415_2,none).', 'hasStopPoint(seg068_10415_3,none).', 'hasStopPoint(seg068_10415_4,none).', 'hasStopPoint(seg068_10415_5,none).']
19	['bike']	segment(seg068_10416_0).	['segment(seg068_10416_1).', 'segment(seg068_10416_2).', 'segment(seg068_10416_3).', 'segment(seg068_10416_4).', 'segment(seg068_10416_5).']	['hasTransportMode(seg068_10416_0,bus).', 'hasTransportMode(seg068_10416_0,car).', 'hasTransportMode(seg068_10416_0,walk).']	['hasTransportMode(seg068_10416_0,bike).']	hasVelocity(seg068_10416_0,slow).	hasAcceleration(seg068_10416_0,unchanged).	empty	empty	['hasKnownTransportMode(seg068_10416_1,bike).', 'hasKnownTransportMode(seg068_10416_2,bike).', 'hasKnownTransportMode(seg068_10416_3,bike).', 'hasKnownTransportMode(seg068_10416_4,bike).', 'hasKnownTransportMode(seg068_10416_5,bike).']	['hasVelocity(seg068_10416_1,slow).', 'hasVelocity(seg068_10416_2,slow).', 'hasVelocity(seg068_10416_3,very_slow).', 'hasVelocity(seg068_10416_4,slow).', 'hasVelocity(seg068_10416_5,very_slow).']	['hasAcceleration(seg068_10416_1,unchanged).', 'hasAcceleration(seg068_10416_2,unchanged).', 'hasAcceleration(seg068_10416_3,unchanged).', 'hasAcceleration(seg068_10416_4,unchanged).', 'hasAcceleration(seg068_10416_5,unchanged).']	['empty', 'empty', 'empty', 'empty', 'empty']	['previousSegmentRelation(seg068_10416_0,seg068_10416_1).', 'previousSegmentRelation(seg068_10416_1,seg068_10416_2).', 'previousSegmentRelation(seg068_10416_2,seg068_10416_3).', 'previousSegmentRelation(seg068_10416_3,seg068_10416_4).', 'previousSegmentRelation(seg068_10416_4,seg068_10416_5).']	hasStopPoint(seg068_10416_0,none).	['hasStopPoint(seg068_10416_1,none).', 'hasStopPoint(seg068_10416_2,none).', 'hasStopPoint(seg068_10416_3,none).', 'hasStopPoint(seg068_10416_4,none).', 'hasStopPoint(seg068_10416_5,none).']
20	['bike']	segment(seg068_10417_0).	['segment(seg068_10417_1).', 'segment(seg068_10417_2).', 'segment(seg068_10417_3).', 'segment(seg068_10417_4).', 'segment(seg068_10417_5).']	['hasTransportMode(seg068_10417_0,bus).', 'hasTransportMode(seg068_10417_0,car).', 'hasTransportMode(seg068_10417_0,walk).']	['hasTransportMode(seg068_10417_0,bike).']	hasVelocity(seg068_10417_0,slow).	hasAcceleration(seg068_10417_0,unchanged).	empty	empty	['hasKnownTransportMode(seg068_10417_1,bike).', 'hasKnownTransportMode(seg068_10417_2,bike).', 'hasKnownTransportMode(seg068_10417_3,bike).', 'hasKnownTransportMode(seg068_10417_4,bike).', 'hasKnownTransportMode(seg068_10417_5,bike).']	['hasVelocity(seg068_10417_1,slow).', 'hasVelocity(seg068_10417_2,slow).', 'hasVelocity(seg068_10417_3,slow).', 'hasVelocity(seg068_10417_4,very_slow).', 'hasVelocity(seg068_10417_5,slow).']	['hasAcceleration(seg068_10417_1,unchanged).', 'hasAcceleration(seg068_10417_2,unchanged).', 'hasAcceleration(seg068_10417_3,unchanged).', 'hasAcceleration(seg068_10417_4,unchanged).', 'hasAcceleration(seg068_10417_5,unchanged).']	['empty', 'empty', 'empty', 'empty', 'empty']	['previousSegmentRelation(seg068_10417_0,seg068_10417_1).', 'previousSegmentRelation(seg068_10417_1,seg068_10417_2).', 'previousSegmentRelation(seg068_10417_2,seg068_10417_3).', 'previousSegmentRelation(seg068_10417_3,seg068_10417_4).', 'previousSegmentRelation(seg068_10417_4,seg068_10417_5).']	hasStopPoint(seg068_10417_0,none).	['hasStopPoint(seg068_10417_1,none).', 'hasStopPoint(seg068_10417_2,none).', 'hasStopPoint(seg068_10417_3,none).', 'hasStopPoint(seg068_10417_4,none).', 'hasStopPoint(seg068_10417_5,none).']
21	['bike']	segment(seg068_10418_0).	['segment(seg068_10418_1).', 'segment(seg068_10418_2).', 'segment(seg068_10418_3).', 'segment(seg068_10418_4).', 'segment(seg068_10418_5).']	['hasTransportMode(seg068_10418_0,bus).', 'hasTransportMode(seg068_10418_0,car).', 'hasTransportMode(seg068_10418_0,walk).']	['hasTransportMode(seg068_10418_0,bike).']	hasVelocity(seg068_10418_0,slow).	hasAcceleration(seg068_10418_0,unchanged).	empty	empty	['hasKnownTransportMode(seg068_10418_1,bike).', 'hasKnownTransportMode(seg068_10418_2,bike).', 'hasKnownTransportMode(seg068_10418_3,bike).', 'hasKnownTransportMode(seg068_10418_4,bike).', 'hasKnownTransportMode(seg068_10418_5,bike).']	['hasVelocity(seg068_10418_1,slow).', 'hasVelocity(seg068_10418_2,below_medium).', 'hasVelocity(seg068_10418_3,slow).', 'hasVelocity(seg068_10418_4,slow).', 'hasVelocity(seg068_10418_5,very_slow).']	['hasAcceleration(seg068_10418_1,unchanged).', 'hasAcceleration(seg068_10418_2,slightly_faster).', 'hasAcceleration(seg068_10418_3,unchanged).', 'hasAcceleration(seg068_10418_4,unchanged).', 'hasAcceleration(seg068_10418_5,unchanged).']	['empty', 'empty', 'empty', 'empty', 'empty']	['previousSegmentRelation(seg068_10418_0,seg068_10418_1).', 'previousSegmentRelation(seg068_10418_1,seg068_10418_2).', 'previousSegmentRelation(seg068_10418_2,seg068_10418_3).', 'previousSegmentRelation(seg068_10418_3,seg068_10418_4).', 'previousSegmentRelation(seg068_10418_4,seg068_10418_5).']	hasStopPoint(seg068_10418_0,none).	['hasStopPoint(seg068_10418_1,none).', 'hasStopPoint(seg068_10418_2,none).', 'hasStopPoint(seg068_10418_3,none).', 'hasStopPoint(seg068_10418_4,none).', 'hasStopPoint(seg068_10418_5,none).']
22	['bike']	segment(seg068_10419_0).	['segment(seg068_10419_1).', 'segment(seg068_10419_2).', 'segment(seg068_10419_3).', 'segment(seg068_10419_4).', 'segment(seg068_10419_5).']	['hasTransportMode(seg068_10419_0,bus).', 'hasTransportMode(seg068_10419_0,car).', 'hasTransportMode(seg068_10419_0,walk).']	['hasTransportMode(seg068_10419_0,bike).']	hasVelocity(seg068_10419_0,slow).	hasAcceleration(seg068_10419_0,unchanged).	empty	empty	['hasKnownTransportMode(seg068_10419_1,bike).', 'hasKnownTransportMode(seg068_10419_2,bike).', 'hasKnownTransportMode(seg068_10419_3,bike).', 'hasKnownTransportMode(seg068_10419_4,bike).', 'hasKnownTransportMode(seg068_10419_5,bike).']	['hasVelocity(seg068_10419_1,slow).', 'hasVelocity(seg068_10419_2,below_medium).', 'hasVelocity(seg068_10419_3,below_medium).', 'hasVelocity(seg068_10419_4,slow).', 'hasVelocity(seg068_10419_5,slow).']	['hasAcceleration(seg068_10419_1,unchanged).', 'hasAcceleration(seg068_10419_2,unchanged).', 'hasAcceleration(seg068_10419_3,slightly_faster).', 'hasAcceleration(seg068_10419_4,unchanged).', 'hasAcceleration(seg068_10419_5,unchanged).']	['empty', 'empty', 'empty', 'empty', 'empty']	['previousSegmentRelation(seg068_10419_0,seg068_10419_1).', 'previousSegmentRelation(seg068_10419_1,seg068_10419_2).', 'previousSegmentRelation(seg068_10419_2,seg068_10419_3).', 'previousSegmentRelation(seg068_10419_3,seg068_10419_4).', 'previousSegmentRelation(seg068_10419_4,seg068_10419_5).']	hasStopPoint(seg068_10419_0,none).	['hasStopPoint(seg068_10419_1,none).', 'hasStopPoint(seg068_10419_2,none).', 'hasStopPoint(seg068_10419_3,none).', 'hasStopPoint(seg068_10419_4,none).', 'hasStopPoint(seg068_10419_5,none).']
23	['bike']	segment(seg068_10420_0).	['segment(seg068_10420_1).', 'segment(seg068_10420_2).', 'segment(seg068_10420_3).', 'segment(seg068_10420_4).', 'segment(seg068_10420_5).']	['hasTransportMode(seg068_10420_0,bus).', 'hasTransportMode(seg068_10420_0,car).', 'hasTransportMode(seg068_10420_0,walk).']	['hasTransportMode(seg068_10420_0,bike).']	hasVelocity(seg068_10420_0,very_slow).	hasAcceleration(seg068_10420_0,unchanged).	empty	empty	['hasKnownTransportMode(seg068_10420_1,bike).', 'hasKnownTransportMode(seg068_10420_2,bike).', 'hasKnownTransportMode(seg068_10420_3,bike).', 'hasKnownTransportMode(seg068_10420_4,bike).', 'hasKnownTransportMode(seg068_10420_5,bike).']	['hasVelocity(seg068_10420_1,slow).', 'hasVelocity(seg068_10420_2,slow).', 'hasVelocity(seg068_10420_3,below_medium).', 'hasVelocity(seg068_10420_4,below_medium).', 'hasVelocity(seg068_10420_5,slow).']	['hasAcceleration(seg068_10420_1,unchanged).', 'hasAcceleration(seg068_10420_2,slightly_slower).', 'hasAcceleration(seg068_10420_3,unchanged).', 'hasAcceleration(seg068_10420_4,slightly_faster).', 'hasAcceleration(seg068_10420_5,unchanged).']	['empty', 'empty', 'empty', 'empty', 'empty']	['previousSegmentRelation(seg068_10420_0,seg068_10420_1).', 'previousSegmentRelation(seg068_10420_1,seg068_10420_2).', 'previousSegmentRelation(seg068_10420_2,seg068_10420_3).', 'previousSegmentRelation(seg068_10420_3,seg068_10420_4).', 'previousSegmentRelation(seg068_10420_4,seg068_10420_5).']	hasStopPoint(seg068_10420_0,none).	['hasStopPoint(seg068_10420_1,none).', 'hasStopPoint(seg068_10420_2,none).', 'hasStopPoint(seg068_10420_3,none).', 'hasStopPoint(seg068_10420_4,none).', 'hasStopPoint(seg068_10420_5,none).']
24	['bike']	segment(seg068_10421_0).	['segment(seg068_10421_1).', 'segment(seg068_10421_2).', 'segment(seg068_10421_3).', 'segment(seg068_10421_4).', 'segment(seg068_10421_5).']	['hasTransportMode(seg068_10421_0,bus).', 'hasTransportMode(seg068_10421_0,car).', 'hasTransportMode(seg068_10421_0,walk).']	['hasTransportMode(seg068_10421_0,bike).']	hasVelocity(seg068_10421_0,very_slow).	hasAcceleration(seg068_10421_0,unchanged).	empty	empty	['hasKnownTransportMode(seg068_10421_1,bike).', 'hasKnownTransportMode(seg068_10421_2,bike).', 'hasKnownTransportMode(seg068_10421_3,bike).', 'hasKnownTransportMode(seg068_10421_4,bike).', 'hasKnownTransportMode(seg068_10421_5,bike).']	['hasVelocity(seg068_10421_1,very_slow).', 'hasVelocity(seg068_10421_2,slow).', 'hasVelocity(seg068_10421_3,slow).', 'hasVelocity(seg068_10421_4,below_medium).', 'hasVelocity(seg068_10421_5,below_medium).']	['hasAcceleration(seg068_10421_1,unchanged).', 'hasAcceleration(seg068_10421_2,unchanged).', 'hasAcceleration(seg068_10421_3,slightly_slower).', 'hasAcceleration(seg068_10421_4,unchanged).', 'hasAcceleration(seg068_10421_5,slightly_faster).']	['empty', 'empty', 'empty', 'empty', 'empty']	['previousSegmentRelation(seg068_10421_0,seg068_10421_1).', 'previousSegmentRelation(seg068_10421_1,seg068_10421_2).', 'previousSegmentRelation(seg068_10421_2,seg068_10421_3).', 'previousSegmentRelation(seg068_10421_3,seg068_10421_4).', 'previousSegmentRelation(seg068_10421_4,seg068_10421_5).']	hasStopPoint(seg068_10421_0,none).	['hasStopPoint(seg068_10421_1,none).', 'hasStopPoint(seg068_10421_2,none).', 'hasStopPoint(seg068_10421_3,none).', 'hasStopPoint(seg068_10421_4,none).', 'hasStopPoint(seg068_10421_5,none).']
25	['bike']	segment(seg068_10422_0).	['segment(seg068_10422_1).', 'segment(seg068_10422_2).', 'segment(seg068_10422_3).', 'segment(seg068_10422_4).', 'segment(seg068_10422_5).']	['hasTransportMode(seg068_10422_0,bus).', 'hasTransportMode(seg068_10422_0,car).', 'hasTransportMode(seg068_10422_0,walk).']	['hasTransportMode(seg068_10422_0,bike).']	hasVelocity(seg068_10422_0,slow).	hasAcceleration(seg068_10422_0,unchanged).	empty	empty	['hasKnownTransportMode(seg068_10422_1,bike).', 'hasKnownTransportMode(seg068_10422_2,bike).', 'hasKnownTransportMode(seg068_10422_3,bike).', 'hasKnownTransportMode(seg068_10422_4,bike).', 'hasKnownTransportMode(seg068_10422_5,bike).']	['hasVelocity(seg068_10422_1,very_slow).', 'hasVelocity(seg068_10422_2,slow).', 'hasVelocity(seg068_10422_3,slow).', 'hasVelocity(seg068_10422_4,slow).', 'hasVelocity(seg068_10422_5,below_medium).']	['hasAcceleration(seg068_10422_1,unchanged).', 'hasAcceleration(seg068_10422_2,unchanged).', 'hasAcceleration(seg068_10422_3,unchanged).', 'hasAcceleration(seg068_10422_4,slightly_slower).', 'hasAcceleration(seg068_10422_5,unchanged).']	['empty', 'empty', 'empty', 'empty', 'empty']	['previousSegmentRelation(seg068_10422_0,seg068_10422_1).', 'previousSegmentRelation(seg068_10422_1,seg068_10422_2).', 'previousSegmentRelation(seg068_10422_2,seg068_10422_3).', 'previousSegmentRelation(seg068_10422_3,seg068_10422_4).', 'previousSegmentRelation(seg068_10422_4,seg068_10422_5).']	hasStopPoint(seg068_10422_0,none).	['hasStopPoint(seg068_10422_1,none).', 'hasStopPoint(seg068_10422_2,none).', 'hasStopPoint(seg068_10422_3,none).', 'hasStopPoint(seg068_10422_4,none).', 'hasStopPoint(seg068_10422_5,none).']
26	['bike']	segment(seg068_10423_0).	['segment(seg068_10423_1).', 'segment(seg068_10423_2).', 'segment(seg068_10423_3).', 'segment(seg068_10423_4).', 'segment(seg068_10423_5).']	['hasTransportMode(seg068_10423_0,bus).', 'hasTransportMode(seg068_10423_0,car).', 'hasTransportMode(seg068_10423_0,walk).']	['hasTransportMode(seg068_10423_0,bike).']	hasVelocity(seg068_10423_0,slow).	hasAcceleration(seg068_10423_0,unchanged).	empty	empty	['hasKnownTransportMode(seg068_10423_1,bike).', 'hasKnownTransportMode(seg068_10423_2,bike).', 'hasKnownTransportMode(seg068_10423_3,bike).', 'hasKnownTransportMode(seg068_10423_4,bike).', 'hasKnownTransportMode(seg068_10423_5,bike).']	['hasVelocity(seg068_10423_1,slow).', 'hasVelocity(seg068_10423_2,slow).', 'hasVelocity(seg068_10423_3,slow).', 'hasVelocity(seg068_10423_4,slow).', 'hasVelocity(seg068_10423_5,slow).']	['hasAcceleration(seg068_10423_1,unchanged).', 'hasAcceleration(seg068_10423_2,unchanged).', 'hasAcceleration(seg068_10423_3,unchanged).', 'hasAcceleration(seg068_10423_4,unchanged).', 'hasAcceleration(seg068_10423_5,slightly_slower).']	['empty', 'empty', 'empty', 'empty', 'empty']	['previousSegmentRelation(seg068_10423_0,seg068_10423_1).', 'previousSegmentRelation(seg068_10423_1,seg068_10423_2).', 'previousSegmentRelation(seg068_10423_2,seg068_10423_3).', 'previousSegmentRelation(seg068_10423_3,seg068_10423_4).', 'previousSegmentRelation(seg068_10423_4,seg068_10423_5).']	hasStopPoint(seg068_10423_0,none).	['hasStopPoint(seg068_10423_1,none).', 'hasStopPoint(seg068_10423_2,none).', 'hasStopPoint(seg068_10423_3,none).', 'hasStopPoint(seg068_10423_4,none).', 'hasStopPoint(seg068_10423_5,none).']
27	['bike']	segment(seg068_10424_0).	['segment(seg068_10424_1).', 'segment(seg068_10424_2).', 'segment(seg068_10424_3).', 'segment(seg068_10424_4).', 'segment(seg068_10424_5).']	['hasTransportMode(seg068_10424_0,bus).', 'hasTransportMode(seg068_10424_0,car).', 'hasTransportMode(seg068_10424_0,walk).']	['hasTransportMode(seg068_10424_0,bike).']	hasVelocity(seg068_10424_0,slow).	hasAcceleration(seg068_10424_0,unchanged).	empty	empty	['hasKnownTransportMode(seg068_10424_1,bike).', 'hasKnownTransportMode(seg068_10424_2,bike).', 'hasKnownTransportMode(seg068_10424_3,bike).', 'hasKnownTransportMode(seg068_10424_4,bike).', 'hasKnownTransportMode(seg068_10424_5,bike).']	['hasVelocity(seg068_10424_1,slow).', 'hasVelocity(seg068_10424_2,slow).', 'hasVelocity(seg068_10424_3,slow).', 'hasVelocity(seg068_10424_4,slow).', 'hasVelocity(seg068_10424_5,slow).']	['hasAcceleration(seg068_10424_1,unchanged).', 'hasAcceleration(seg068_10424_2,unchanged).', 'hasAcceleration(seg068_10424_3,unchanged).', 'hasAcceleration(seg068_10424_4,unchanged).', 'hasAcceleration(seg068_10424_5,unchanged).']	['empty', 'empty', 'empty', 'empty', 'empty']	['previousSegmentRelation(seg068_10424_0,seg068_10424_1).', 'previousSegmentRelation(seg068_10424_1,seg068_10424_2).', 'previousSegmentRelation(seg068_10424_2,seg068_10424_3).', 'previousSegmentRelation(seg068_10424_3,seg068_10424_4).', 'previousSegmentRelation(seg068_10424_4,seg068_10424_5).']	hasStopPoint(seg068_10424_0,none).	['hasStopPoint(seg068_10424_1,none).', 'hasStopPoint(seg068_10424_2,none).', 'hasStopPoint(seg068_10424_3,none).', 'hasStopPoint(seg068_10424_4,none).', 'hasStopPoint(seg068_10424_5,none).']
28	['bike']	segment(seg068_10425_0).	['segment(seg068_10425_1).', 'segment(seg068_10425_2).', 'segment(seg068_10425_3).', 'segment(seg068_10425_4).', 'segment(seg068_10425_5).']	['hasTransportMode(seg068_10425_0,bus).', 'hasTransportMode(seg068_10425_0,car).', 'hasTransportMode(seg068_10425_0,walk).']	['hasTransportMode(seg068_10425_0,bike).']	hasVelocity(seg068_10425_0,slow).	hasAcceleration(seg068_10425_0,unchanged).	empty	empty	['hasKnownTransportMode(seg068_10425_1,bike).', 'hasKnownTransportMode(seg068_10425_2,bike).', 'hasKnownTransportMode(seg068_10425_3,bike).', 'hasKnownTransportMode(seg068_10425_4,bike).', 'hasKnownTransportMode(seg068_10425_5,bike).']	['hasVelocity(seg068_10425_1,slow).', 'hasVelocity(seg068_10425_2,slow).', 'hasVelocity(seg068_10425_3,slow).', 'hasVelocity(seg068_10425_4,slow).', 'hasVelocity(seg068_10425_5,slow).']	['hasAcceleration(seg068_10425_1,unchanged).', 'hasAcceleration(seg068_10425_2,unchanged).', 'hasAcceleration(seg068_10425_3,unchanged).', 'hasAcceleration(seg068_10425_4,unchanged).', 'hasAcceleration(seg068_10425_5,unchanged).']	['empty', 'empty', 'empty', 'empty', 'empty']	['previousSegmentRelation(seg068_10425_0,seg068_10425_1).', 'previousSegmentRelation(seg068_10425_1,seg068_10425_2).', 'previousSegmentRelation(seg068_10425_2,seg068_10425_3).', 'previousSegmentRelation(seg068_10425_3,seg068_10425_4).', 'previousSegmentRelation(seg068_10425_4,seg068_10425_5).']	hasStopPoint(seg068_10425_0,none).	['hasStopPoint(seg068_10425_1,none).', 'hasStopPoint(seg068_10425_2,none).', 'hasStopPoint(seg068_10425_3,none).', 'hasStopPoint(seg068_10425_4,none).', 'hasStopPoint(seg068_10425_5,none).']
29	['bike']	segment(seg068_10426_0).	['segment(seg068_10426_1).', 'segment(seg068_10426_2).', 'segment(seg068_10426_3).', 'segment(seg068_10426_4).', 'segment(seg068_10426_5).']	['hasTransportMode(seg068_10426_0,bus).', 'hasTransportMode(seg068_10426_0,car).', 'hasTransportMode(seg068_10426_0,walk).']	['hasTransportMode(seg068_10426_0,bike).']	hasVelocity(seg068_10426_0,slow).	hasAcceleration(seg068_10426_0,unchanged).	empty	empty	['hasKnownTransportMode(seg068_10426_1,bike).', 'hasKnownTransportMode(seg068_10426_2,bike).', 'hasKnownTransportMode(seg068_10426_3,bike).', 'hasKnownTransportMode(seg068_10426_4,bike).', 'hasKnownTransportMode(seg068_10426_5,bike).']	['hasVelocity(seg068_10426_1,slow).', 'hasVelocity(seg068_10426_2,very_slow).', 'hasVelocity(seg068_10426_3,slow).', 'hasVelocity(seg068_10426_4,slow).', 'hasVelocity(seg068_10426_5,slow).']	['hasAcceleration(seg068_10426_1,unchanged).', 'hasAcceleration(seg068_10426_2,unchanged).', 'hasAcceleration(seg068_10426_3,unchanged).', 'hasAcceleration(seg068_10426_4,unchanged).', 'hasAcceleration(seg068_10426_5,unchanged).']	['empty', 'empty', 'empty', 'empty', 'empty']	['previousSegmentRelation(seg068_10426_0,seg068_10426_1).', 'previousSegmentRelation(seg068_10426_1,seg068_10426_2).', 'previousSegmentRelation(seg068_10426_2,seg068_10426_3).', 'previousSegmentRelation(seg068_10426_3,seg068_10426_4).', 'previousSegmentRelation(seg068_10426_4,seg068_10426_5).']	hasStopPoint(seg068_10426_0,none).	['hasStopPoint(seg068_10426_1,none).', 'hasStopPoint(seg068_10426_2,none).', 'hasStopPoint(seg068_10426_3,none).', 'hasStopPoint(seg068_10426_4,none).', 'hasStopPoint(seg068_10426_5,none).']
30	['bike']	segment(seg068_10427_0).	['segment(seg068_10427_1).', 'segment(seg068_10427_2).', 'segment(seg068_10427_3).', 'segment(seg068_10427_4).', 'segment(seg068_10427_5).']	['hasTransportMode(seg068_10427_0,bus).', 'hasTransportMode(seg068_10427_0,car).', 'hasTransportMode(seg068_10427_0,walk).']	['hasTransportMode(seg068_10427_0,bike).']	hasVelocity(seg068_10427_0,very_slow).	hasAcceleration(seg068_10427_0,unchanged).	empty	empty	['hasKnownTransportMode(seg068_10427_1,bike).', 'hasKnownTransportMode(seg068_10427_2,bike).', 'hasKnownTransportMode(seg068_10427_3,bike).', 'hasKnownTransportMode(seg068_10427_4,bike).', 'hasKnownTransportMode(seg068_10427_5,bike).']	['hasVelocity(seg068_10427_1,slow).', 'hasVelocity(seg068_10427_2,very_slow).', 'hasVelocity(seg068_10427_3,very_slow).', 'hasVelocity(seg068_10427_4,slow).', 'hasVelocity(seg068_10427_5,slow).']	['hasAcceleration(seg068_10427_1,unchanged).', 'hasAcceleration(seg068_10427_2,unchanged).', 'hasAcceleration(seg068_10427_3,unchanged).', 'hasAcceleration(seg068_10427_4,unchanged).', 'hasAcceleration(seg068_10427_5,unchanged).']	['empty', 'empty', 'empty', 'empty', 'empty']	['previousSegmentRelation(seg068_10427_0,seg068_10427_1).', 'previousSegmentRelation(seg068_10427_1,seg068_10427_2).', 'previousSegmentRelation(seg068_10427_2,seg068_10427_3).', 'previousSegmentRelation(seg068_10427_3,seg068_10427_4).', 'previousSegmentRelation(seg068_10427_4,seg068_10427_5).']	hasStopPoint(seg068_10427_0,none).	['hasStopPoint(seg068_10427_1,none).', 'hasStopPoint(seg068_10427_2,none).', 'hasStopPoint(seg068_10427_3,none).', 'hasStopPoint(seg068_10427_4,none).', 'hasStopPoint(seg068_10427_5,none).']
31	['bike']	segment(seg068_10428_0).	['segment(seg068_10428_1).', 'segment(seg068_10428_2).', 'segment(seg068_10428_3).', 'segment(seg068_10428_4).', 'segment(seg068_10428_5).']	['hasTransportMode(seg068_10428_0,bus).', 'hasTransportMode(seg068_10428_0,car).', 'hasTransportMode(seg068_10428_0,walk).']	['hasTransportMode(seg068_10428_0,bike).']	hasVelocity(seg068_10428_0,slow).	hasAcceleration(seg068_10428_0,unchanged).	empty	empty	['hasKnownTransportMode(seg068_10428_1,bike).', 'hasKnownTransportMode(seg068_10428_2,bike).', 'hasKnownTransportMode(seg068_10428_3,bike).', 'hasKnownTransportMode(seg068_10428_4,bike).', 'hasKnownTransportMode(seg068_10428_5,bike).']	['hasVelocity(seg068_10428_1,very_slow).', 'hasVelocity(seg068_10428_2,slow).', 'hasVelocity(seg068_10428_3,very_slow).', 'hasVelocity(seg068_10428_4,very_slow).', 'hasVelocity(seg068_10428_5,slow).']	['hasAcceleration(seg068_10428_1,unchanged).', 'hasAcceleration(seg068_10428_2,unchanged).', 'hasAcceleration(seg068_10428_3,unchanged).', 'hasAcceleration(seg068_10428_4,unchanged).', 'hasAcceleration(seg068_10428_5,unchanged).']	['empty', 'empty', 'empty', 'empty', 'empty']	['previousSegmentRelation(seg068_10428_0,seg068_10428_1).', 'previousSegmentRelation(seg068_10428_1,seg068_10428_2).', 'previousSegmentRelation(seg068_10428_2,seg068_10428_3).', 'previousSegmentRelation(seg068_10428_3,seg068_10428_4).', 'previousSegmentRelation(seg068_10428_4,seg068_10428_5).']	hasStopPoint(seg068_10428_0,none).	['hasStopPoint(seg068_10428_1,none).', 'hasStopPoint(seg068_10428_2,none).', 'hasStopPoint(seg068_10428_3,none).', 'hasStopPoint(seg068_10428_4,none).', 'hasStopPoint(seg068_10428_5,none).']
32	['bike']	segment(seg068_10429_0).	['segment(seg068_10429_1).', 'segment(seg068_10429_2).', 'segment(seg068_10429_3).', 'segment(seg068_10429_4).', 'segment(seg068_10429_5).']	['hasTransportMode(seg068_10429_0,bus).', 'hasTransportMode(seg068_10429_0,car).', 'hasTransportMode(seg068_10429_0,walk).']	['hasTransportMode(seg068_10429_0,bike).']	hasVelocity(seg068_10429_0,slow).	hasAcceleration(seg068_10429_0,unchanged).	empty	empty	['hasKnownTransportMode(seg068_10429_1,bike).', 'hasKnownTransportMode(seg068_10429_2,bike).', 'hasKnownTransportMode(seg068_10429_3,bike).', 'hasKnownTransportMode(seg068_10429_4,bike).', 'hasKnownTransportMode(seg068_10429_5,bike).']	['hasVelocity(seg068_10429_1,slow).', 'hasVelocity(seg068_10429_2,slow).', 'hasVelocity(seg068_10429_3,slow).', 'hasVelocity(seg068_10429_4,very_slow).', 'hasVelocity(seg068_10429_5,very_slow).']	['hasAcceleration(seg068_10429_1,unchanged).', 'hasAcceleration(seg068_10429_2,unchanged).', 'hasAcceleration(seg068_10429_3,unchanged).', 'hasAcceleration(seg068_10429_4,unchanged).', 'hasAcceleration(seg068_10429_5,unchanged).']	['empty', 'empty', 'empty', 'empty', 'empty']	['previousSegmentRelation(seg068_10429_0,seg068_10429_1).', 'previousSegmentRelation(seg068_10429_1,seg068_10429_2).', 'previousSegmentRelation(seg068_10429_2,seg068_10429_3).', 'previousSegmentRelation(seg068_10429_3,seg068_10429_4).', 'previousSegmentRelation(seg068_10429_4,seg068_10429_5).']	hasStopPoint(seg068_10429_0,none).	['hasStopPoint(seg068_10429_1,none).', 'hasStopPoint(seg068_10429_2,none).', 'hasStopPoint(seg068_10429_3,none).', 'hasStopPoint(seg068_10429_4,none).', 'hasStopPoint(seg068_10429_5,none).']
33	['bike']	segment(seg068_10430_0).	['segment(seg068_10430_1).', 'segment(seg068_10430_2).', 'segment(seg068_10430_3).', 'segment(seg068_10430_4).', 'segment(seg068_10430_5).']	['hasTransportMode(seg068_10430_0,bus).', 'hasTransportMode(seg068_10430_0,car).', 'hasTransportMode(seg068_10430_0,walk).']	['hasTransportMode(seg068_10430_0,bike).']	hasVelocity(seg068_10430_0,slow).	hasAcceleration(seg068_10430_0,unchanged).	empty	empty	['hasKnownTransportMode(seg068_10430_1,bike).', 'hasKnownTransportMode(seg068_10430_2,bike).', 'hasKnownTransportMode(seg068_10430_3,bike).', 'hasKnownTransportMode(seg068_10430_4,bike).', 'hasKnownTransportMode(seg068_10430_5,bike).']	['hasVelocity(seg068_10430_1,slow).', 'hasVelocity(seg068_10430_2,slow).', 'hasVelocity(seg068_10430_3,slow).', 'hasVelocity(seg068_10430_4,slow).', 'hasVelocity(seg068_10430_5,very_slow).']	['hasAcceleration(seg068_10430_1,unchanged).', 'hasAcceleration(seg068_10430_2,unchanged).', 'hasAcceleration(seg068_10430_3,unchanged).', 'hasAcceleration(seg068_10430_4,unchanged).', 'hasAcceleration(seg068_10430_5,unchanged).']	['empty', 'empty', 'empty', 'empty', 'empty']	['previousSegmentRelation(seg068_10430_0,seg068_10430_1).', 'previousSegmentRelation(seg068_10430_1,seg068_10430_2).', 'previousSegmentRelation(seg068_10430_2,seg068_10430_3).', 'previousSegmentRelation(seg068_10430_3,seg068_10430_4).', 'previousSegmentRelation(seg068_10430_4,seg068_10430_5).']	hasStopPoint(seg068_10430_0,none).	['hasStopPoint(seg068_10430_1,none).', 'hasStopPoint(seg068_10430_2,none).', 'hasStopPoint(seg068_10430_3,none).', 'hasStopPoint(seg068_10430_4,none).', 'hasStopPoint(seg068_10430_5,none).']
34	['bike']	segment(seg068_10431_0).	['segment(seg068_10431_1).', 'segment(seg068_10431_2).', 'segment(seg068_10431_3).', 'segment(seg068_10431_4).', 'segment(seg068_10431_5).']	['hasTransportMode(seg068_10431_0,bus).', 'hasTransportMode(seg068_10431_0,car).', 'hasTransportMode(seg068_10431_0,walk).']	['hasTransportMode(seg068_10431_0,bike).']	hasVelocity(seg068_10431_0,slow).	hasAcceleration(seg068_10431_0,unchanged).	empty	empty	['hasKnownTransportMode(seg068_10431_1,bike).', 'hasKnownTransportMode(seg068_10431_2,bike).', 'hasKnownTransportMode(seg068_10431_3,bike).', 'hasKnownTransportMode(seg068_10431_4,bike).', 'hasKnownTransportMode(seg068_10431_5,bike).']	['hasVelocity(seg068_10431_1,slow).', 'hasVelocity(seg068_10431_2,slow).', 'hasVelocity(seg068_10431_3,slow).', 'hasVelocity(seg068_10431_4,slow).', 'hasVelocity(seg068_10431_5,slow).']	['hasAcceleration(seg068_10431_1,unchanged).', 'hasAcceleration(seg068_10431_2,unchanged).', 'hasAcceleration(seg068_10431_3,unchanged).', 'hasAcceleration(seg068_10431_4,unchanged).', 'hasAcceleration(seg068_10431_5,unchanged).']	['empty', 'empty', 'empty', 'empty', 'empty']	['previousSegmentRelation(seg068_10431_0,seg068_10431_1).', 'previousSegmentRelation(seg068_10431_1,seg068_10431_2).', 'previousSegmentRelation(seg068_10431_2,seg068_10431_3).', 'previousSegmentRelation(seg068_10431_3,seg068_10431_4).', 'previousSegmentRelation(seg068_10431_4,seg068_10431_5).']	hasStopPoint(seg068_10431_0,none).	['hasStopPoint(seg068_10431_1,none).', 'hasStopPoint(seg068_10431_2,none).', 'hasStopPoint(seg068_10431_3,none).', 'hasStopPoint(seg068_10431_4,none).', 'hasStopPoint(seg068_10431_5,none).']
35	['bike']	segment(seg068_10432_0).	['segment(seg068_10432_1).', 'segment(seg068_10432_2).', 'segment(seg068_10432_3).', 'segment(seg068_10432_4).', 'segment(seg068_10432_5).']	['hasTransportMode(seg068_10432_0,bus).', 'hasTransportMode(seg068_10432_0,car).', 'hasTransportMode(seg068_10432_0,walk).']	['hasTransportMode(seg068_10432_0,bike).']	hasVelocity(seg068_10432_0,below_medium).	hasAcceleration(seg068_10432_0,slightly_faster).	empty	empty	['hasKnownTransportMode(seg068_10432_1,bike).', 'hasKnownTransportMode(seg068_10432_2,bike).', 'hasKnownTransportMode(seg068_10432_3,bike).', 'hasKnownTransportMode(seg068_10432_4,bike).', 'hasKnownTransportMode(seg068_10432_5,bike).']	['hasVelocity(seg068_10432_1,slow).', 'hasVelocity(seg068_10432_2,slow).', 'hasVelocity(seg068_10432_3,slow).', 'hasVelocity(seg068_10432_4,slow).', 'hasVelocity(seg068_10432_5,slow).']	['hasAcceleration(seg068_10432_1,unchanged).', 'hasAcceleration(seg068_10432_2,unchanged).', 'hasAcceleration(seg068_10432_3,unchanged).', 'hasAcceleration(seg068_10432_4,unchanged).', 'hasAcceleration(seg068_10432_5,unchanged).']	['empty', 'empty', 'empty', 'empty', 'empty']	['previousSegmentRelation(seg068_10432_0,seg068_10432_1).', 'previousSegmentRelation(seg068_10432_1,seg068_10432_2).', 'previousSegmentRelation(seg068_10432_2,seg068_10432_3).', 'previousSegmentRelation(seg068_10432_3,seg068_10432_4).', 'previousSegmentRelation(seg068_10432_4,seg068_10432_5).']	hasStopPoint(seg068_10432_0,none).	['hasStopPoint(seg068_10432_1,none).', 'hasStopPoint(seg068_10432_2,none).', 'hasStopPoint(seg068_10432_3,none).', 'hasStopPoint(seg068_10432_4,none).', 'hasStopPoint(seg068_10432_5,none).']
36	['bike']	segment(seg068_10433_0).	['segment(seg068_10433_1).', 'segment(seg068_10433_2).', 'segment(seg068_10433_3).', 'segment(seg068_10433_4).', 'segment(seg068_10433_5).']	['hasTransportMode(seg068_10433_0,bus).', 'hasTransportMode(seg068_10433_0,car).', 'hasTransportMode(seg068_10433_0,walk).']	['hasTransportMode(seg068_10433_0,bike).']	hasVelocity(seg068_10433_0,slow).	hasAcceleration(seg068_10433_0,slightly_slower).	empty	empty	['hasKnownTransportMode(seg068_10433_1,bike).', 'hasKnownTransportMode(seg068_10433_2,bike).', 'hasKnownTransportMode(seg068_10433_3,bike).', 'hasKnownTransportMode(seg068_10433_4,bike).', 'hasKnownTransportMode(seg068_10433_5,bike).']	['hasVelocity(seg068_10433_1,below_medium).', 'hasVelocity(seg068_10433_2,very_slow).', 'hasVelocity(seg068_10433_3,slow).', 'hasVelocity(seg068_10433_4,slow).', 'hasVelocity(seg068_10433_5,slow).']	['hasAcceleration(seg068_10433_1,slightly_faster).', 'hasAcceleration(seg068_10433_2,unchanged).', 'hasAcceleration(seg068_10433_3,unchanged).', 'hasAcceleration(seg068_10433_4,unchanged).', 'hasAcceleration(seg068_10433_5,unchanged).']	['empty', 'empty', 'empty', 'empty', 'empty']	['previousSegmentRelation(seg068_10433_0,seg068_10433_1).', 'previousSegmentRelation(seg068_10433_1,seg068_10433_2).', 'previousSegmentRelation(seg068_10433_2,seg068_10433_3).', 'previousSegmentRelation(seg068_10433_3,seg068_10433_4).', 'previousSegmentRelation(seg068_10433_4,seg068_10433_5).']	hasStopPoint(seg068_10433_0,none).	['hasStopPoint(seg068_10433_1,none).', 'hasStopPoint(seg068_10433_2,none).', 'hasStopPoint(seg068_10433_3,none).', 'hasStopPoint(seg068_10433_4,none).', 'hasStopPoint(seg068_10433_5,none).']
37	['bike']	segment(seg068_10434_0).	['segment(seg068_10434_1).', 'segment(seg068_10434_2).', 'segment(seg068_10434_3).', 'segment(seg068_10434_4).', 'segment(seg068_10434_5).']	['hasTransportMode(seg068_10434_0,bus).', 'hasTransportMode(seg068_10434_0,car).', 'hasTransportMode(seg068_10434_0,walk).']	['hasTransportMode(seg068_10434_0,bike).']	hasVelocity(seg068_10434_0,slow).	hasAcceleration(seg068_10434_0,unchanged).	empty	empty	['hasKnownTransportMode(seg068_10434_1,bike).', 'hasKnownTransportMode(seg068_10434_2,bike).', 'hasKnownTransportMode(seg068_10434_3,bike).', 'hasKnownTransportMode(seg068_10434_4,bike).', 'hasKnownTransportMode(seg068_10434_5,bike).']	['hasVelocity(seg068_10434_1,slow).', 'hasVelocity(seg068_10434_2,slow).', 'hasVelocity(seg068_10434_3,very_slow).', 'hasVelocity(seg068_10434_4,slow).', 'hasVelocity(seg068_10434_5,slow).']	['hasAcceleration(seg068_10434_1,slightly_slower).', 'hasAcceleration(seg068_10434_2,unchanged).', 'hasAcceleration(seg068_10434_3,unchanged).', 'hasAcceleration(seg068_10434_4,unchanged).', 'hasAcceleration(seg068_10434_5,unchanged).']	['empty', 'empty', 'empty', 'empty', 'empty']	['previousSegmentRelation(seg068_10434_0,seg068_10434_1).', 'previousSegmentRelation(seg068_10434_1,seg068_10434_2).', 'previousSegmentRelation(seg068_10434_2,seg068_10434_3).', 'previousSegmentRelation(seg068_10434_3,seg068_10434_4).', 'previousSegmentRelation(seg068_10434_4,seg068_10434_5).']	hasStopPoint(seg068_10434_0,none).	['hasStopPoint(seg068_10434_1,none).', 'hasStopPoint(seg068_10434_2,none).', 'hasStopPoint(seg068_10434_3,none).', 'hasStopPoint(seg068_10434_4,none).', 'hasStopPoint(seg068_10434_5,none).']
38	['bike']	segment(seg068_10435_0).	['segment(seg068_10435_1).', 'segment(seg068_10435_2).', 'segment(seg068_10435_3).', 'segment(seg068_10435_4).', 'segment(seg068_10435_5).']	['hasTransportMode(seg068_10435_0,bus).', 'hasTransportMode(seg068_10435_0,car).', 'hasTransportMode(seg068_10435_0,walk).']	['hasTransportMode(seg068_10435_0,bike).']	hasVelocity(seg068_10435_0,slow).	hasAcceleration(seg068_10435_0,unchanged).	empty	empty	['hasKnownTransportMode(seg068_10435_1,bike).', 'hasKnownTransportMode(seg068_10435_2,bike).', 'hasKnownTransportMode(seg068_10435_3,bike).', 'hasKnownTransportMode(seg068_10435_4,bike).', 'hasKnownTransportMode(seg068_10435_5,bike).']	['hasVelocity(seg068_10435_1,slow).', 'hasVelocity(seg068_10435_2,slow).', 'hasVelocity(seg068_10435_3,slow).', 'hasVelocity(seg068_10435_4,very_slow).', 'hasVelocity(seg068_10435_5,slow).']	['hasAcceleration(seg068_10435_1,unchanged).', 'hasAcceleration(seg068_10435_2,unchanged).', 'hasAcceleration(seg068_10435_3,unchanged).', 'hasAcceleration(seg068_10435_4,unchanged).', 'hasAcceleration(seg068_10435_5,unchanged).']	['empty', 'empty', 'empty', 'empty', 'empty']	['previousSegmentRelation(seg068_10435_0,seg068_10435_1).', 'previousSegmentRelation(seg068_10435_1,seg068_10435_2).', 'previousSegmentRelation(seg068_10435_2,seg068_10435_3).', 'previousSegmentRelation(seg068_10435_3,seg068_10435_4).', 'previousSegmentRelation(seg068_10435_4,seg068_10435_5).']	hasStopPoint(seg068_10435_0,none).	['hasStopPoint(seg068_10435_1,none).', 'hasStopPoint(seg068_10435_2,none).', 'hasStopPoint(seg068_10435_3,none).', 'hasStopPoint(seg068_10435_4,none).', 'hasStopPoint(seg068_10435_5,none).']
39	['bike']	segment(seg068_10436_0).	['segment(seg068_10436_1).', 'segment(seg068_10436_2).', 'segment(seg068_10436_3).', 'segment(seg068_10436_4).', 'segment(seg068_10436_5).']	['hasTransportMode(seg068_10436_0,bus).', 'hasTransportMode(seg068_10436_0,car).', 'hasTransportMode(seg068_10436_0,walk).']	['hasTransportMode(seg068_10436_0,bike).']	hasVelocity(seg068_10436_0,slow).	hasAcceleration(seg068_10436_0,unchanged).	empty	empty	['hasKnownTransportMode(seg068_10436_1,bike).', 'hasKnownTransportMode(seg068_10436_2,bike).', 'hasKnownTransportMode(seg068_10436_3,bike).', 'hasKnownTransportMode(seg068_10436_4,bike).', 'hasKnownTransportMode(seg068_10436_5,bike).']	['hasVelocity(seg068_10436_1,slow).', 'hasVelocity(seg068_10436_2,slow).', 'hasVelocity(seg068_10436_3,slow).', 'hasVelocity(seg068_10436_4,slow).', 'hasVelocity(seg068_10436_5,very_slow).']	['hasAcceleration(seg068_10436_1,unchanged).', 'hasAcceleration(seg068_10436_2,unchanged).', 'hasAcceleration(seg068_10436_3,unchanged).', 'hasAcceleration(seg068_10436_4,unchanged).', 'hasAcceleration(seg068_10436_5,unchanged).']	['empty', 'empty', 'empty', 'empty', 'empty']	['previousSegmentRelation(seg068_10436_0,seg068_10436_1).', 'previousSegmentRelation(seg068_10436_1,seg068_10436_2).', 'previousSegmentRelation(seg068_10436_2,seg068_10436_3).', 'previousSegmentRelation(seg068_10436_3,seg068_10436_4).', 'previousSegmentRelation(seg068_10436_4,seg068_10436_5).']	hasStopPoint(seg068_10436_0,none).	['hasStopPoint(seg068_10436_1,none).', 'hasStopPoint(seg068_10436_2,none).', 'hasStopPoint(seg068_10436_3,none).', 'hasStopPoint(seg068_10436_4,none).', 'hasStopPoint(seg068_10436_5,none).']
40	['bike']	segment(seg068_10437_0).	['segment(seg068_10437_1).', 'segment(seg068_10437_2).', 'segment(seg068_10437_3).', 'segment(seg068_10437_4).', 'segment(seg068_10437_5).']	['hasTransportMode(seg068_10437_0,bus).', 'hasTransportMode(seg068_10437_0,car).', 'hasTransportMode(seg068_10437_0,walk).']	['hasTransportMode(seg068_10437_0,bike).']	hasVelocity(seg068_10437_0,slow).	hasAcceleration(seg068_10437_0,unchanged).	empty	empty	['hasKnownTransportMode(seg068_10437_1,bike).', 'hasKnownTransportMode(seg068_10437_2,bike).', 'hasKnownTransportMode(seg068_10437_3,bike).', 'hasKnownTransportMode(seg068_10437_4,bike).', 'hasKnownTransportMode(seg068_10437_5,bike).']	['hasVelocity(seg068_10437_1,slow).', 'hasVelocity(seg068_10437_2,slow).', 'hasVelocity(seg068_10437_3,slow).', 'hasVelocity(seg068_10437_4,slow).', 'hasVelocity(seg068_10437_5,slow).']	['hasAcceleration(seg068_10437_1,unchanged).', 'hasAcceleration(seg068_10437_2,unchanged).', 'hasAcceleration(seg068_10437_3,unchanged).', 'hasAcceleration(seg068_10437_4,unchanged).', 'hasAcceleration(seg068_10437_5,unchanged).']	['empty', 'empty', 'empty', 'empty', 'empty']	['previousSegmentRelation(seg068_10437_0,seg068_10437_1).', 'previousSegmentRelation(seg068_10437_1,seg068_10437_2).', 'previousSegmentRelation(seg068_10437_2,seg068_10437_3).', 'previousSegmentRelation(seg068_10437_3,seg068_10437_4).', 'previousSegmentRelation(seg068_10437_4,seg068_10437_5).']	hasStopPoint(seg068_10437_0,none).	['hasStopPoint(seg068_10437_1,none).', 'hasStopPoint(seg068_10437_2,none).', 'hasStopPoint(seg068_10437_3,none).', 'hasStopPoint(seg068_10437_4,none).', 'hasStopPoint(seg068_10437_5,none).']
41	['bike']	segment(seg068_10438_0).	['segment(seg068_10438_1).', 'segment(seg068_10438_2).', 'segment(seg068_10438_3).', 'segment(seg068_10438_4).', 'segment(seg068_10438_5).']	['hasTransportMode(seg068_10438_0,bus).', 'hasTransportMode(seg068_10438_0,car).', 'hasTransportMode(seg068_10438_0,walk).']	['hasTransportMode(seg068_10438_0,bike).']	hasVelocity(seg068_10438_0,slow).	hasAcceleration(seg068_10438_0,unchanged).	empty	empty	['hasKnownTransportMode(seg068_10438_1,bike).', 'hasKnownTransportMode(seg068_10438_2,bike).', 'hasKnownTransportMode(seg068_10438_3,bike).', 'hasKnownTransportMode(seg068_10438_4,bike).', 'hasKnownTransportMode(seg068_10438_5,bike).']	['hasVelocity(seg068_10438_1,slow).', 'hasVelocity(seg068_10438_2,below_medium).', 'hasVelocity(seg068_10438_3,slow).', 'hasVelocity(seg068_10438_4,slow).', 'hasVelocity(seg068_10438_5,slow).']	['hasAcceleration(seg068_10438_1,unchanged).', 'hasAcceleration(seg068_10438_2,slightly_faster).', 'hasAcceleration(seg068_10438_3,unchanged).', 'hasAcceleration(seg068_10438_4,unchanged).', 'hasAcceleration(seg068_10438_5,unchanged).']	['empty', 'empty', 'empty', 'empty', 'empty']	['previousSegmentRelation(seg068_10438_0,seg068_10438_1).', 'previousSegmentRelation(seg068_10438_1,seg068_10438_2).', 'previousSegmentRelation(seg068_10438_2,seg068_10438_3).', 'previousSegmentRelation(seg068_10438_3,seg068_10438_4).', 'previousSegmentRelation(seg068_10438_4,seg068_10438_5).']	hasStopPoint(seg068_10438_0,none).	['hasStopPoint(seg068_10438_1,none).', 'hasStopPoint(seg068_10438_2,none).', 'hasStopPoint(seg068_10438_3,none).', 'hasStopPoint(seg068_10438_4,none).', 'hasStopPoint(seg068_10438_5,none).']
42	['bike']	segment(seg068_10439_0).	['segment(seg068_10439_1).', 'segment(seg068_10439_2).', 'segment(seg068_10439_3).', 'segment(seg068_10439_4).', 'segment(seg068_10439_5).']	['hasTransportMode(seg068_10439_0,bus).', 'hasTransportMode(seg068_10439_0,car).', 'hasTransportMode(seg068_10439_0,walk).']	['hasTransportMode(seg068_10439_0,bike).']	hasVelocity(seg068_10439_0,slow).	hasAcceleration(seg068_10439_0,unchanged).	empty	empty	['hasKnownTransportMode(seg068_10439_1,bike).', 'hasKnownTransportMode(seg068_10439_2,bike).', 'hasKnownTransportMode(seg068_10439_3,bike).', 'hasKnownTransportMode(seg068_10439_4,bike).', 'hasKnownTransportMode(seg068_10439_5,bike).']	['hasVelocity(seg068_10439_1,slow).', 'hasVelocity(seg068_10439_2,slow).', 'hasVelocity(seg068_10439_3,below_medium).', 'hasVelocity(seg068_10439_4,slow).', 'hasVelocity(seg068_10439_5,slow).']	['hasAcceleration(seg068_10439_1,unchanged).', 'hasAcceleration(seg068_10439_2,slightly_slower).', 'hasAcceleration(seg068_10439_3,slightly_faster).', 'hasAcceleration(seg068_10439_4,unchanged).', 'hasAcceleration(seg068_10439_5,unchanged).']	['empty', 'empty', 'empty', 'empty', 'empty']	['previousSegmentRelation(seg068_10439_0,seg068_10439_1).', 'previousSegmentRelation(seg068_10439_1,seg068_10439_2).', 'previousSegmentRelation(seg068_10439_2,seg068_10439_3).', 'previousSegmentRelation(seg068_10439_3,seg068_10439_4).', 'previousSegmentRelation(seg068_10439_4,seg068_10439_5).']	hasStopPoint(seg068_10439_0,none).	['hasStopPoint(seg068_10439_1,none).', 'hasStopPoint(seg068_10439_2,none).', 'hasStopPoint(seg068_10439_3,none).', 'hasStopPoint(seg068_10439_4,none).', 'hasStopPoint(seg068_10439_5,none).']
43	['bike']	segment(seg068_10440_0).	['segment(seg068_10440_1).', 'segment(seg068_10440_2).', 'segment(seg068_10440_3).', 'segment(seg068_10440_4).', 'segment(seg068_10440_5).']	['hasTransportMode(seg068_10440_0,bus).', 'hasTransportMode(seg068_10440_0,car).', 'hasTransportMode(seg068_10440_0,walk).']	['hasTransportMode(seg068_10440_0,bike).']	hasVelocity(seg068_10440_0,very_slow).	hasAcceleration(seg068_10440_0,slightly_slower).	empty	empty	['hasKnownTransportMode(seg068_10440_1,bike).', 'hasKnownTransportMode(seg068_10440_2,bike).', 'hasKnownTransportMode(seg068_10440_3,bike).', 'hasKnownTransportMode(seg068_10440_4,bike).', 'hasKnownTransportMode(seg068_10440_5,bike).']	['hasVelocity(seg068_10440_1,slow).', 'hasVelocity(seg068_10440_2,slow).', 'hasVelocity(seg068_10440_3,slow).', 'hasVelocity(seg068_10440_4,below_medium).', 'hasVelocity(seg068_10440_5,slow).']	['hasAcceleration(seg068_10440_1,unchanged).', 'hasAcceleration(seg068_10440_2,unchanged).', 'hasAcceleration(seg068_10440_3,slightly_slower).', 'hasAcceleration(seg068_10440_4,slightly_faster).', 'hasAcceleration(seg068_10440_5,unchanged).']	['empty', 'empty', 'empty', 'empty', 'empty']	['previousSegmentRelation(seg068_10440_0,seg068_10440_1).', 'previousSegmentRelation(seg068_10440_1,seg068_10440_2).', 'previousSegmentRelation(seg068_10440_2,seg068_10440_3).', 'previousSegmentRelation(seg068_10440_3,seg068_10440_4).', 'previousSegmentRelation(seg068_10440_4,seg068_10440_5).']	hasStopPoint(seg068_10440_0,none).	['hasStopPoint(seg068_10440_1,none).', 'hasStopPoint(seg068_10440_2,none).', 'hasStopPoint(seg068_10440_3,none).', 'hasStopPoint(seg068_10440_4,none).', 'hasStopPoint(seg068_10440_5,none).']
44	['bike']	segment(seg068_10441_0).	['segment(seg068_10441_1).', 'segment(seg068_10441_2).', 'segment(seg068_10441_3).', 'segment(seg068_10441_4).', 'segment(seg068_10441_5).']	['hasTransportMode(seg068_10441_0,bus).', 'hasTransportMode(seg068_10441_0,car).', 'hasTransportMode(seg068_10441_0,walk).']	['hasTransportMode(seg068_10441_0,bike).']	hasVelocity(seg068_10441_0,below_medium).	hasAcceleration(seg068_10441_0,slightly_faster).	empty	empty	['hasKnownTransportMode(seg068_10441_1,bike).', 'hasKnownTransportMode(seg068_10441_2,bike).', 'hasKnownTransportMode(seg068_10441_3,bike).', 'hasKnownTransportMode(seg068_10441_4,bike).', 'hasKnownTransportMode(seg068_10441_5,bike).']	['hasVelocity(seg068_10441_1,very_slow).', 'hasVelocity(seg068_10441_2,slow).', 'hasVelocity(seg068_10441_3,slow).', 'hasVelocity(seg068_10441_4,slow).', 'hasVelocity(seg068_10441_5,below_medium).']	['hasAcceleration(seg068_10441_1,slightly_slower).', 'hasAcceleration(seg068_10441_2,unchanged).', 'hasAcceleration(seg068_10441_3,unchanged).', 'hasAcceleration(seg068_10441_4,slightly_slower).', 'hasAcceleration(seg068_10441_5,slightly_faster).']	['empty', 'empty', 'empty', 'empty', 'empty']	['previousSegmentRelation(seg068_10441_0,seg068_10441_1).', 'previousSegmentRelation(seg068_10441_1,seg068_10441_2).', 'previousSegmentRelation(seg068_10441_2,seg068_10441_3).', 'previousSegmentRelation(seg068_10441_3,seg068_10441_4).', 'previousSegmentRelation(seg068_10441_4,seg068_10441_5).']	hasStopPoint(seg068_10441_0,none).	['hasStopPoint(seg068_10441_1,none).', 'hasStopPoint(seg068_10441_2,none).', 'hasStopPoint(seg068_10441_3,none).', 'hasStopPoint(seg068_10441_4,none).', 'hasStopPoint(seg068_10441_5,none).']
45	['bike']	segment(seg068_10442_0).	['segment(seg068_10442_1).', 'segment(seg068_10442_2).', 'segment(seg068_10442_3).', 'segment(seg068_10442_4).', 'segment(seg068_10442_5).']	['hasTransportMode(seg068_10442_0,bus).', 'hasTransportMode(seg068_10442_0,car).', 'hasTransportMode(seg068_10442_0,walk).']	['hasTransportMode(seg068_10442_0,bike).']	hasVelocity(seg068_10442_0,very_fast).	hasAcceleration(seg068_10442_0,much_faster).	empty	empty	['hasKnownTransportMode(seg068_10442_1,bike).', 'hasKnownTransportMode(seg068_10442_2,bike).', 'hasKnownTransportMode(seg068_10442_3,bike).', 'hasKnownTransportMode(seg068_10442_4,bike).', 'hasKnownTransportMode(seg068_10442_5,bike).']	['hasVelocity(seg068_10442_1,below_medium).', 'hasVelocity(seg068_10442_2,slow).', 'hasVelocity(seg068_10442_3,slow).', 'hasVelocity(seg068_10442_4,slow).', 'hasVelocity(seg068_10442_5,slow).']	['hasAcceleration(seg068_10442_1,slightly_faster).', 'hasAcceleration(seg068_10442_2,unchanged).', 'hasAcceleration(seg068_10442_3,unchanged).', 'hasAcceleration(seg068_10442_4,unchanged).', 'hasAcceleration(seg068_10442_5,slightly_slower).']	['empty', 'empty', 'empty', 'empty', 'empty']	['previousSegmentRelation(seg068_10442_0,seg068_10442_1).', 'previousSegmentRelation(seg068_10442_1,seg068_10442_2).', 'previousSegmentRelation(seg068_10442_2,seg068_10442_3).', 'previousSegmentRelation(seg068_10442_3,seg068_10442_4).', 'previousSegmentRelation(seg068_10442_4,seg068_10442_5).']	hasStopPoint(seg068_10442_0,none).	['hasStopPoint(seg068_10442_1,none).', 'hasStopPoint(seg068_10442_2,none).', 'hasStopPoint(seg068_10442_3,none).', 'hasStopPoint(seg068_10442_4,none).', 'hasStopPoint(seg068_10442_5,none).']
