	transMode	startDate	endDate	distance	speed	acceleration	hasChangepoint	hasStopPoint
1394	['walk']	2009-04-17 13:14:53	2009-04-17 13:14:53	121.81677817536053	0.0	0.0	False	0
1395	['walk']	2009-04-17 13:14:53	2009-04-17 13:14:55	129.43957581645586	65.0	65.0	False	0
1396	['walk']	2009-04-17 13:14:55	2009-04-17 13:15:20	117.8317937438392	5.0	-60.0	False	0
1397	['walk']	2009-04-17 13:15:20	2009-04-17 13:15:33	103.23606024452477	8.0	3.0	False	1
1398	['walk']	2009-04-17 13:15:33	2009-04-17 13:17:18	101.00607260418795	1.0	-7.0	False	4
1399	['walk']	2009-04-17 13:17:18	2009-04-17 13:18:07	127.81601118346529	3.0	2.0	False	2
1400	['walk']	2009-04-17 13:18:07	2009-04-17 13:18:11	155.30565815476797	39.0	36.0	False	0
1401	['walk']	2009-04-17 13:18:11	2009-04-17 13:18:33	102.76628259438009	5.0	-34.0	False	1
1402	['walk']	2009-04-17 13:18:33	2009-04-17 13:19:41	8793.99652240166	129.0	124.0	False	2
