	transMode	startDate	endDate	distance	speed	acceleration	hasChangepoint	hasStopPoint
1157	['walk']	2009-04-08 00:45:42	2009-04-08 00:45:42	131.86313691064086	0.0	0.0	False	0
1158	['walk']	2009-04-08 00:45:42	2009-04-08 00:45:45	136.37613033630728	45.0	45.0	False	0
1159	['walk']	2009-04-08 00:45:45	2009-04-08 00:46:06	101.32532620349157	5.0	-40.0	False	0
1160	['walk']	2009-04-08 00:46:06	2009-04-08 00:47:25	111.8883841128027	1.0	-4.0	False	0
1161	['walk']	2009-04-08 00:47:25	2009-04-08 00:47:44	101.16700574280264	5.0	4.0	False	0
1162	['walk']	2009-04-08 00:47:44	2009-04-08 00:48:21	100.59718088668821	3.0	-2.0	False	0
1163	['walk']	2009-04-08 00:48:21	2009-04-08 00:49:48	107.41780419864699	1.0	-2.0	False	0
1164	['walk']	2009-04-08 00:49:48	2009-04-08 00:50:48	115.10857695289862	2.0	1.0	False	1
1165	['walk']	2009-04-08 00:50:48	2009-04-08 00:50:49	8756.21738680618	8756.0	8754.0	False	0
