	rawClass	segment_id	previousSegmentIDs	hasNotTransportMode	hasTransportMode	hasVelocity	hasAcceleration	hasChangepoint	isFasterThanAllPrevious	hasKnownTransportMode	previousHasVelocity	previousHasAcceleration	previousHasChangepoint	previousSegmentRelation	hasStopPoint	previousHasStopPoint
0	['bike']	segment(seg097_740_0).	['segment(seg097_740_1).', 'segment(seg097_740_2).', 'segment(seg097_740_3).', 'segment(seg097_740_4).', 'segment(seg097_740_5).']	['hasTransportMode(seg097_740_0,bus).', 'hasTransportMode(seg097_740_0,car).', 'hasTransportMode(seg097_740_0,walk).']	['hasTransportMode(seg097_740_0,bike).']	hasVelocity(seg097_740_0,below_medium).	hasAcceleration(seg097_740_0,unchanged).	empty	empty	['hasKnownTransportMode(seg097_740_1,bike).', 'hasKnownTransportMode(seg097_740_2,walk).', 'hasKnownTransportMode(seg097_740_3,bike).', 'hasKnownTransportMode(seg097_740_4,bike).', 'hasKnownTransportMode(seg097_740_5,bike).']	['hasVelocity(seg097_740_1,medium).', 'hasVelocity(seg097_740_2,below_medium).', 'hasVelocity(seg097_740_3,below_medium).', 'hasVelocity(seg097_740_4,medium).', 'hasVelocity(seg097_740_5,below_medium).']	['hasAcceleration(seg097_740_1,slightly_faster).', 'hasAcceleration(seg097_740_2,slightly_faster).', 'hasAcceleration(seg097_740_3,slower).', 'hasAcceleration(seg097_740_4,slightly_faster).', 'hasAcceleration(seg097_740_5,unchanged).']	['empty', 'empty', 'empty', 'empty', 'empty']	['previousSegmentRelation(seg097_740_0,seg097_740_1).', 'previousSegmentRelation(seg097_740_1,seg097_740_2).', 'previousSegmentRelation(seg097_740_2,seg097_740_3).', 'previousSegmentRelation(seg097_740_3,seg097_740_4).', 'previousSegmentRelation(seg097_740_4,seg097_740_5).']	hasStopPoint(seg097_740_0,none).	['hasStopPoint(seg097_740_1,none).', 'hasStopPoint(seg097_740_2,none).', 'hasStopPoint(seg097_740_3,none).', 'hasStopPoint(seg097_740_4,none).', 'hasStopPoint(seg097_740_5,none).']
1	['bike']	segment(seg097_741_0).	['segment(seg097_741_1).', 'segment(seg097_741_2).', 'segment(seg097_741_3).', 'segment(seg097_741_4).', 'segment(seg097_741_5).']	['hasTransportMode(seg097_741_0,bus).', 'hasTransportMode(seg097_741_0,car).', 'hasTransportMode(seg097_741_0,walk).']	['hasTransportMode(seg097_741_0,bike).']	hasVelocity(seg097_741_0,medium).	hasAcceleration(seg097_741_0,slightly_faster).	empty	empty	['hasKnownTransportMode(seg097_741_1,bike).', 'hasKnownTransportMode(seg097_741_2,bike).', 'hasKnownTransportMode(seg097_741_3,walk).', 'hasKnownTransportMode(seg097_741_4,bike).', 'hasKnownTransportMode(seg097_741_5,bike).']	['hasVelocity(seg097_741_1,below_medium).', 'hasVelocity(seg097_741_2,above_medium).', 'hasVelocity(seg097_741_3,below_medium).', 'hasVelocity(seg097_741_4,below_medium).', 'hasVelocity(seg097_741_5,medium).']	['hasAcceleration(seg097_741_1,unchanged).', 'hasAcceleration(seg097_741_2,much_faster).', 'hasAcceleration(seg097_741_3,slightly_faster).', 'hasAcceleration(seg097_741_4,slower).', 'hasAcceleration(seg097_741_5,slightly_faster).']	['empty', 'empty', 'empty', 'empty', 'empty']	['previousSegmentRelation(seg097_741_0,seg097_741_1).', 'previousSegmentRelation(seg097_741_1,seg097_741_2).', 'previousSegmentRelation(seg097_741_2,seg097_741_3).', 'previousSegmentRelation(seg097_741_3,seg097_741_4).', 'previousSegmentRelation(seg097_741_4,seg097_741_5).']	hasStopPoint(seg097_741_0,none).	['hasStopPoint(seg097_741_1,none).', 'hasStopPoint(seg097_741_2,none).', 'hasStopPoint(seg097_741_3,none).', 'hasStopPoint(seg097_741_4,none).', 'hasStopPoint(seg097_741_5,none).']
2	['bike']	segment(seg097_742_0).	['segment(seg097_742_1).', 'segment(seg097_742_2).', 'segment(seg097_742_3).', 'segment(seg097_742_4).', 'segment(seg097_742_5).']	['hasTransportMode(seg097_742_0,bus).', 'hasTransportMode(seg097_742_0,car).', 'hasTransportMode(seg097_742_0,walk).']	['hasTransportMode(seg097_742_0,bike).']	hasVelocity(seg097_742_0,below_medium).	hasAcceleration(seg097_742_0,slower).	empty	empty	['hasKnownTransportMode(seg097_742_1,bike).', 'hasKnownTransportMode(seg097_742_2,bike).', 'hasKnownTransportMode(seg097_742_3,bike).', 'hasKnownTransportMode(seg097_742_4,walk).', 'hasKnownTransportMode(seg097_742_5,bike).']	['hasVelocity(seg097_742_1,medium).', 'hasVelocity(seg097_742_2,below_medium).', 'hasVelocity(seg097_742_3,above_medium).', 'hasVelocity(seg097_742_4,below_medium).', 'hasVelocity(seg097_742_5,below_medium).']	['hasAcceleration(seg097_742_1,slightly_faster).', 'hasAcceleration(seg097_742_2,much_slower).', 'hasAcceleration(seg097_742_3,much_faster).', 'hasAcceleration(seg097_742_4,slightly_faster).', 'hasAcceleration(seg097_742_5,slower).']	['empty', 'empty', 'empty', 'empty', 'empty']	['previousSegmentRelation(seg097_742_0,seg097_742_1).', 'previousSegmentRelation(seg097_742_1,seg097_742_2).', 'previousSegmentRelation(seg097_742_2,seg097_742_3).', 'previousSegmentRelation(seg097_742_3,seg097_742_4).', 'previousSegmentRelation(seg097_742_4,seg097_742_5).']	hasStopPoint(seg097_742_0,none).	['hasStopPoint(seg097_742_1,none).', 'hasStopPoint(seg097_742_2,none).', 'hasStopPoint(seg097_742_3,none).', 'hasStopPoint(seg097_742_4,none).', 'hasStopPoint(seg097_742_5,none).']
3	['walk']	segment(seg097_743_0).	['segment(seg097_743_1).', 'segment(seg097_743_2).', 'segment(seg097_743_3).', 'segment(seg097_743_4).', 'segment(seg097_743_5).']	['hasTransportMode(seg097_743_0,bike).', 'hasTransportMode(seg097_743_0,bus).', 'hasTransportMode(seg097_743_0,car).']	['hasTransportMode(seg097_743_0,walk).']	hasVelocity(seg097_743_0,below_medium).	hasAcceleration(seg097_743_0,slightly_faster).	empty	empty	['hasKnownTransportMode(seg097_743_1,bike).', 'hasKnownTransportMode(seg097_743_2,bike).', 'hasKnownTransportMode(seg097_743_3,bike).', 'hasKnownTransportMode(seg097_743_4,bike).', 'hasKnownTransportMode(seg097_743_5,walk).']	['hasVelocity(seg097_743_1,below_medium).', 'hasVelocity(seg097_743_2,very_fast).', 'hasVelocity(seg097_743_3,below_medium).', 'hasVelocity(seg097_743_4,above_medium).', 'hasVelocity(seg097_743_5,below_medium).']	['hasAcceleration(seg097_743_1,slower).', 'hasAcceleration(seg097_743_2,much_faster).', 'hasAcceleration(seg097_743_3,much_slower).', 'hasAcceleration(seg097_743_4,much_faster).', 'hasAcceleration(seg097_743_5,slightly_faster).']	['empty', 'empty', 'empty', 'empty', 'empty']	['previousSegmentRelation(seg097_743_0,seg097_743_1).', 'previousSegmentRelation(seg097_743_1,seg097_743_2).', 'previousSegmentRelation(seg097_743_2,seg097_743_3).', 'previousSegmentRelation(seg097_743_3,seg097_743_4).', 'previousSegmentRelation(seg097_743_4,seg097_743_5).']	hasStopPoint(seg097_743_0,none).	['hasStopPoint(seg097_743_1,none).', 'hasStopPoint(seg097_743_2,none).', 'hasStopPoint(seg097_743_3,none).', 'hasStopPoint(seg097_743_4,none).', 'hasStopPoint(seg097_743_5,none).']
