	transMode	startDate	endDate	distance	speed	acceleration	hasChangepoint	hasStopPoint
209	['bus']	2008-05-23 01:41:53	2008-05-23 01:46:27	101.48813092679467	0.0	-104.0	False	2
210	['bus']	2008-05-23 01:46:27	2008-05-23 01:48:21	101.93647631084082	1.0	1.0	False	1
211	['bus']	2008-05-23 01:48:21	2008-05-23 01:49:23	105.38410675905052	2.0	1.0	False	0
212	['bus']	2008-05-23 01:49:23	2008-05-23 01:51:39	102.05457839261807	1.0	-1.0	False	1
213	['bus']	2008-05-23 01:51:39	2008-05-23 01:54:45	115.91782546049362	1.0	0.0	False	1
214	['bus']	2008-05-23 01:54:45	2008-05-23 01:54:55	121.26551900272652	12.0	11.0	False	0
215	['bus']	2008-05-23 01:54:55	2008-05-23 01:55:02	114.12358661291442	16.0	4.0	False	0
216	['bus']	2008-05-23 01:55:02	2008-05-23 01:55:09	110.6770152508185	16.0	0.0	False	0
217	['bus']	2008-05-23 01:55:09	2008-05-23 01:55:15	106.33264331026548	18.0	2.0	False	0
218	['bus']	2008-05-23 01:55:15	2008-05-23 01:55:21	114.24511351530906	19.0	1.0	False	0
219	['bus']	2008-05-23 01:55:21	2008-05-23 01:55:27	101.02240937176526	17.0	-2.0	False	0
220	['bus']	2008-05-23 01:55:27	2008-05-23 01:55:33	100.52563932853025	17.0	0.0	False	0
221	['bus']	2008-05-23 01:55:33	2008-05-23 01:55:40	109.42370862526772	16.0	-1.0	False	0
222	['bus']	2008-05-23 01:55:40	2008-05-23 01:55:47	106.3352297121203	15.0	-1.0	False	0
223	['bus']	2008-05-23 01:55:47	2008-05-23 01:55:55	100.96700745807034	13.0	-2.0	False	0
224	['bus']	2008-05-23 01:55:55	2008-05-23 01:57:31	114.45733384127924	1.0	-12.0	False	9
225	['bus']	2008-05-23 01:57:31	2008-05-23 01:57:38	109.48134937072476	16.0	15.0	False	0
226	['bus']	2008-05-23 01:57:38	2008-05-23 01:57:43	109.00108174757469	22.0	6.0	False	0
227	['bus']	2008-05-23 01:57:43	2008-05-23 01:57:47	100.58422835751927	25.0	3.0	False	0
228	['bus']	2008-05-23 01:57:47	2008-05-23 01:57:51	100.24752715557081	25.0	0.0	False	0
229	['bus']	2008-05-23 01:57:51	2008-05-23 01:57:56	107.58353875168459	22.0	-3.0	False	0
230	['bus']	2008-05-23 01:57:56	2008-05-23 01:58:02	101.19599988623764	17.0	-5.0	False	0
231	['bus']	2008-05-23 01:58:02	2008-05-23 01:58:16	109.46383023406693	8.0	-9.0	False	0
232	['bus']	2008-05-23 01:58:16	2008-05-23 01:58:58	112.43333789459993	3.0	-5.0	False	0
233	['bus']	2008-05-23 01:58:58	2008-05-23 01:59:12	101.59689994212965	7.0	4.0	False	0
234	['bus']	2008-05-23 01:59:12	2008-05-23 01:59:46	101.11052111477328	3.0	-4.0	False	0
235	['bus']	2008-05-23 01:59:46	2008-05-23 02:00:04	104.20248315520182	6.0	3.0	False	0
236	['bus']	2008-05-23 02:00:04	2008-05-23 02:00:14	123.78427940603203	12.0	6.0	False	0
237	['bus']	2008-05-23 02:00:14	2008-05-23 02:00:22	124.33680514727976	16.0	4.0	False	0
238	['bus']	2008-05-23 02:00:22	2008-05-23 02:00:30	117.87318628625192	15.0	-1.0	False	0
239	['bus']	2008-05-23 02:00:30	2008-05-23 02:00:40	119.00220288504865	12.0	-3.0	False	0
240	['bus']	2008-05-23 02:00:40	2008-05-23 02:00:50	111.57479894457322	11.0	-1.0	False	0
241	['bus']	2008-05-23 02:00:50	2008-05-23 02:01:00	105.47762367582875	11.0	0.0	False	0
242	['bus']	2008-05-23 02:01:00	2008-05-23 02:01:20	101.41585624027742	5.0	-6.0	False	0
243	['bus']	2008-05-23 02:01:20	2008-05-23 02:02:14	113.39338812718754	2.0	-3.0	False	1
244	['bus']	2008-05-23 02:02:14	2008-05-23 02:02:24	108.77322775942949	11.0	9.0	False	0
245	['bus']	2008-05-23 02:02:24	2008-05-23 02:03:38	103.40636389194049	1.0	-10.0	False	7
246	['bus']	2008-05-23 02:03:38	2008-05-23 02:03:50	105.1834290037455	9.0	8.0	False	0
247	['bus']	2008-05-23 02:03:50	2008-05-23 02:04:08	101.30537230573614	6.0	-3.0	False	0
248	['bus']	2008-05-23 02:04:08	2008-05-23 02:04:40	114.60195699405902	4.0	-2.0	False	0
249	['bus']	2008-05-23 02:04:40	2008-05-23 02:04:56	104.19773644124088	7.0	3.0	False	0
250	['bus']	2008-05-23 02:04:56	2008-05-23 02:07:10	105.62804929577541	1.0	-6.0	False	0
251	['bus']	2008-05-23 02:07:10	2008-05-23 02:07:42	103.25825040773428	3.0	2.0	False	0
252	['bus']	2008-05-23 02:07:42	2008-05-23 02:08:00	104.51802165958881	6.0	3.0	False	0
253	['bus']	2008-05-23 02:08:00	2008-05-23 02:08:16	103.52175399959333	6.0	0.0	False	0
254	['bus']	2008-05-23 02:08:16	2008-05-23 02:08:32	102.70741912011124	6.0	0.0	False	0
255	['bus']	2008-05-23 02:08:32	2008-05-23 02:08:51	100.36941646622452	5.0	-1.0	False	0
256	['bus']	2008-05-23 02:08:51	2008-05-23 02:09:05	104.94182966887021	7.0	2.0	False	0
257	['bus']	2008-05-23 02:09:05	2008-05-23 02:09:18	107.06692421799383	8.0	1.0	False	0
258	['bus']	2008-05-23 02:09:18	2008-05-23 02:09:30	107.39085525461755	9.0	1.0	False	0
259	['bus']	2008-05-23 02:09:30	2008-05-23 02:09:40	100.10941773243877	10.0	1.0	False	0
260	['bus']	2008-05-23 02:09:40	2008-05-23 02:09:53	103.68148816981468	8.0	-2.0	False	0
261	['bus']	2008-05-23 02:09:53	2008-05-23 02:10:01	101.96272607115928	13.0	5.0	False	0
262	['bus']	2008-05-23 02:10:01	2008-05-23 02:10:07	110.75272798103623	18.0	5.0	False	0
263	['bus']	2008-05-23 02:10:07	2008-05-23 02:10:13	110.51947798162966	18.0	0.0	False	0
264	['bus']	2008-05-23 02:10:13	2008-05-23 02:10:20	102.710291165443	15.0	-3.0	False	0
265	['bus']	2008-05-23 02:10:20	2008-05-23 02:10:30	106.1418442863201	11.0	-4.0	False	0
266	['bus']	2008-05-23 02:10:30	2008-05-23 02:10:44	105.15543896076963	8.0	-3.0	False	0
267	['bus']	2008-05-23 02:10:44	2008-05-23 02:10:55	101.67457512426132	9.0	1.0	False	0
268	['bus']	2008-05-23 02:10:55	2008-05-23 02:11:02	111.7148549776733	16.0	7.0	False	0
269	['bus']	2008-05-23 02:11:02	2008-05-23 02:11:09	113.58866588337989	16.0	0.0	False	0
270	['bus']	2008-05-23 02:11:09	2008-05-23 02:11:15	104.45976709241961	17.0	1.0	False	0
271	['bus']	2008-05-23 02:11:15	2008-05-23 02:11:21	111.75326552690515	19.0	2.0	False	0
272	['bus']	2008-05-23 02:11:21	2008-05-23 02:11:27	110.18181482639368	18.0	-1.0	False	0
273	['bus']	2008-05-23 02:11:27	2008-05-23 02:11:33	106.07733448520969	18.0	0.0	False	0
274	['bus']	2008-05-23 02:11:33	2008-05-23 02:11:41	101.8191227649997	13.0	-5.0	False	0
275	['bus']	2008-05-23 02:11:41	2008-05-23 02:11:54	104.58052686426902	8.0	-5.0	False	0
276	['bus']	2008-05-23 02:11:54	2008-05-23 02:12:05	104.00370736116264	9.0	1.0	False	0
277	['bus']	2008-05-23 02:12:05	2008-05-23 02:12:16	105.31612582441096	10.0	1.0	False	0
278	['bus']	2008-05-23 02:12:16	2008-05-23 02:12:27	101.26990568257906	9.0	-1.0	False	0
279	['bus']	2008-05-23 02:12:27	2008-05-23 02:12:39	100.24628157133435	8.0	-1.0	False	0
280	['bus']	2008-05-23 02:12:39	2008-05-23 02:12:52	106.18505847435075	8.0	0.0	False	0
281	['bus']	2008-05-23 02:12:52	2008-05-23 02:13:04	104.24574953617076	9.0	1.0	False	0
282	['bus']	2008-05-23 02:13:04	2008-05-23 02:13:14	100.8026779544869	10.0	1.0	False	0
283	['bus']	2008-05-23 02:13:14	2008-05-23 02:13:21	102.15123415485196	15.0	5.0	False	0
284	['bus']	2008-05-23 02:13:21	2008-05-23 02:13:28	107.39883746377978	15.0	0.0	False	0
285	['bus']	2008-05-23 02:13:28	2008-05-23 02:13:38	113.36787647131806	11.0	-4.0	False	0
286	['bus']	2008-05-23 02:13:38	2008-05-23 02:13:54	104.39983631336634	7.0	-4.0	False	0
287	['bus']	2008-05-23 02:13:54	2008-05-23 02:15:20	104.32250846336889	1.0	-6.0	False	5
288	['bus']	2008-05-23 02:15:20	2008-05-23 02:15:52	106.61587990262355	3.0	2.0	False	0
289	['bus']	2008-05-23 02:15:52	2008-05-23 02:16:04	103.98759357601139	9.0	6.0	False	0
290	['bus']	2008-05-23 02:16:04	2008-05-23 02:16:16	115.78980762425451	10.0	1.0	False	0
291	['bus']	2008-05-23 02:16:16	2008-05-23 02:16:29	107.96305040308846	8.0	-2.0	False	0
292	['bus']	2008-05-23 02:16:29	2008-05-23 02:16:40	102.87489727637413	9.0	1.0	False	0
293	['bus']	2008-05-23 02:16:40	2008-05-23 02:16:49	108.27098957153244	12.0	3.0	False	0
294	['bus']	2008-05-23 02:16:49	2008-05-23 02:16:58	103.90956165987109	12.0	0.0	False	0
295	['bus']	2008-05-23 02:16:58	2008-05-23 02:17:08	111.11982398878368	11.0	-1.0	False	0
296	['bus']	2008-05-23 02:17:08	2008-05-23 02:17:19	107.96344173907235	10.0	-1.0	False	0
297	['bus']	2008-05-23 02:17:19	2008-05-23 02:17:27	102.61201333660975	13.0	3.0	False	0
298	['bus']	2008-05-23 02:17:27	2008-05-23 02:17:35	104.38715877938769	13.0	0.0	False	0
299	['bus']	2008-05-23 02:17:35	2008-05-23 02:19:19	103.73349648641933	1.0	-12.0	False	8
300	['bus']	2008-05-23 02:19:19	2008-05-23 02:19:53	108.38101287804281	3.0	2.0	False	0
301	['bus']	2008-05-23 02:19:53	2008-05-23 02:21:57	109.14426756259003	1.0	-2.0	False	0
302	['bus']	2008-05-23 02:21:57	2008-05-23 02:23:25	109.34355358617215	1.0	0.0	False	3
303	['bus']	2008-05-23 02:23:25	2008-05-23 02:25:59	109.05940857239375	1.0	0.0	False	6
304	['bus']	2008-05-23 02:25:59	2008-05-23 02:26:17	112.17119933182707	6.0	5.0	False	0
305	['bus']	2008-05-23 02:26:17	2008-05-23 02:26:29	106.91498464477323	9.0	3.0	False	0
306	['bus']	2008-05-23 02:26:29	2008-05-23 02:26:38	100.98693295986894	11.0	2.0	False	0
307	['bus']	2008-05-23 02:26:38	2008-05-23 02:27:30	102.28228335788774	2.0	-9.0	False	2
308	['bus']	2008-05-23 02:27:30	2008-05-23 02:29:10	116.41324516791653	1.0	-1.0	False	0
309	['bus']	2008-05-23 02:29:10	2008-05-23 02:29:17	101.07946547046288	14.0	13.0	False	0
310	['bus']	2008-05-23 02:29:17	2008-05-23 02:29:24	110.66627300898821	16.0	2.0	False	0
311	['bus']	2008-05-23 02:29:24	2008-05-23 02:29:44	108.01161604023562	5.0	-11.0	False	0
312	['bus']	2008-05-23 02:29:44	2008-05-23 02:30:40	104.29977408884182	2.0	-3.0	False	0
313	['bus']	2008-05-23 02:30:40	2008-05-23 02:31:40	101.66589986818838	2.0	0.0	False	0
314	['bus']	2008-05-23 02:31:40	2008-05-23 02:32:34	109.42264571792397	2.0	0.0	False	1
315	['bus']	2008-05-23 02:32:34	2008-05-23 02:35:24	113.85282642172349	1.0	-1.0	False	2
316	['bus', 'walk']	2008-05-23 02:35:24	2008-05-23 02:39:16	108.55357174476538	0.0	-1.0	True	5
317	['walk']	2008-05-23 02:39:16	2008-05-23 02:43:32	105.77067834462684	0.0	0.0	False	0
318	['walk']	2008-05-23 02:43:32	2008-05-23 02:48:44	101.21510964252381	0.0	0.0	False	1
319	['walk']	2008-05-23 02:48:44	2008-05-23 02:50:16	100.06565759924263	1.0	1.0	False	0
320	['walk']	2008-05-23 02:50:16	2008-05-23 02:53:08	101.33288085904562	1.0	0.0	False	0
321	['walk']	2008-05-23 02:53:08	2008-05-23 02:54:54	102.7449683591754	1.0	0.0	False	0
322	['walk', 'bus']	2008-05-23 02:54:54	2008-05-23 02:59:20	149.21982706878754	1.0	0.0	True	0
