	transMode	startDate	endDate	distance	speed	acceleration	hasChangepoint	hasStopPoint
6809	['bike']	2008-07-13 11:59:26	2008-07-13 12:00:25	101.23396580237569	2.0	0.0	False	0
6810	['bike']	2008-07-13 12:00:25	2008-07-13 12:00:55	100.5684470203887	3.0	1.0	False	0
6811	['bike']	2008-07-13 12:00:55	2008-07-13 12:01:25	105.04452889491711	4.0	1.0	False	0
6812	['bike']	2008-07-13 12:01:25	2008-07-13 12:01:53	101.60496267679403	4.0	0.0	False	0
6813	['bike']	2008-07-13 12:01:53	2008-07-13 12:02:29	100.20467055505121	3.0	-1.0	False	0
6814	['bike']	2008-07-13 12:02:29	2008-07-13 12:03:35	101.41594121992085	2.0	-1.0	False	0
6815	['bike']	2008-07-13 12:03:35	2008-07-13 12:05:33	101.96532092744822	1.0	-1.0	False	1
6816	['bike']	2008-07-13 12:05:33	2008-07-13 12:06:11	100.30853561626907	3.0	2.0	False	0
6817	['bike']	2008-07-13 12:06:11	2008-07-13 12:06:45	101.91836856803957	3.0	0.0	False	0
6818	['bike']	2008-07-13 12:06:45	2008-07-13 12:07:49	100.34401344043951	2.0	-1.0	False	0
6819	['bike']	2008-07-13 12:07:49	2008-07-13 12:08:41	101.76425599175894	2.0	0.0	False	0
6820	['bike']	2008-07-13 12:08:41	2008-07-13 12:09:29	104.31346425587354	2.0	0.0	False	0
6821	['bike']	2008-07-13 12:09:29	2008-07-13 12:10:11	101.0294790393404	2.0	0.0	False	0
6822	['bike']	2008-07-13 12:10:11	2008-07-13 12:11:21	101.21884123364711	1.0	-1.0	False	0
6823	['bike']	2008-07-13 12:11:21	2008-07-13 12:12:41	101.25660422266932	1.0	0.0	False	0
6824	['bike']	2008-07-13 12:12:41	2008-07-13 12:13:43	103.90243113666884	2.0	1.0	False	0
6825	['bike']	2008-07-13 12:13:43	2008-07-13 12:15:29	101.54149628955697	1.0	-1.0	False	1
6826	['bike']	2008-07-13 12:15:29	2008-07-13 12:16:33	102.06909392276758	2.0	1.0	False	0
6827	['bike']	2008-07-13 12:16:33	2008-07-13 12:18:35	100.22365450713647	1.0	-1.0	False	1
6828	['bike']	2008-07-13 12:18:35	2008-07-13 12:19:35	106.54266922564435	2.0	1.0	False	0
6829	['bike']	2008-07-13 12:19:35	2008-07-13 12:20:35	100.80993130244042	2.0	0.0	False	0
6830	['bike']	2008-07-13 12:20:35	2008-07-13 12:22:49	100.54608879216667	1.0	-1.0	False	1
6831	['bike']	2008-07-13 12:22:49	2008-07-13 12:23:17	101.9070842622283	4.0	3.0	False	0
6832	['bike']	2008-07-13 12:23:17	2008-07-13 12:25:08	101.65296501673244	1.0	-3.0	False	1
6833	['bike']	2008-07-13 12:25:08	2008-07-13 12:25:53	103.00591137077745	2.0	1.0	False	0
6834	['bike']	2008-07-13 12:25:53	2008-07-13 12:26:31	101.78491209147832	3.0	1.0	False	0
6835	['bike']	2008-07-13 12:26:31	2008-07-13 12:27:07	100.74134795412616	3.0	0.0	False	0
6836	['bike']	2008-07-13 12:27:07	2008-07-13 12:27:37	103.11712959137836	3.0	0.0	False	0
6837	['bike']	2008-07-13 12:27:37	2008-07-13 12:28:29	100.25067586628981	2.0	-1.0	False	0
6838	['bike']	2008-07-13 12:28:29	2008-07-13 12:29:29	107.39466525147894	2.0	0.0	False	0
6839	['bike']	2008-07-13 12:29:29	2008-07-13 12:33:01	100.24332995760658	0.0	-2.0	False	0
6840	['bike']	2008-07-13 12:33:01	2008-07-13 12:33:43	103.03969067873032	2.0	2.0	False	0
6841	['bike']	2008-07-13 12:33:43	2008-07-13 12:34:25	134.9593984818001	3.0	1.0	False	0
6842	['bike']	2008-07-13 12:34:25	2008-07-13 12:38:37	100.83167956014643	0.0	-3.0	False	0
6843	['bike']	2008-07-13 12:38:37	2008-07-13 12:39:13	103.15966786290659	3.0	3.0	False	0
6844	['bike']	2008-07-13 12:39:13	2008-07-13 12:39:43	101.91436203249646	3.0	0.0	False	0
6845	['bike']	2008-07-13 12:39:43	2008-07-13 12:40:37	101.70845920737221	2.0	-1.0	False	0
6846	['bike']	2008-07-13 12:40:37	2008-07-13 12:41:05	104.63130445828364	4.0	2.0	False	0
6847	['bike']	2008-07-13 12:41:05	2008-07-13 12:41:29	104.76454720143882	4.0	0.0	False	0
6848	['bike']	2008-07-13 12:41:29	2008-07-13 12:42:24	108.19823898026318	2.0	-2.0	False	2
6849	['bike']	2008-07-13 12:42:24	2008-07-13 12:42:52	106.9830974631812	4.0	2.0	False	0
6850	['bike']	2008-07-13 12:42:52	2008-07-13 12:43:14	100.60316191746055	5.0	1.0	False	0
6851	['bike']	2008-07-13 12:43:14	2008-07-13 12:43:40	101.474018079842	4.0	-1.0	False	0
6852	['bike']	2008-07-13 12:43:40	2008-07-13 12:44:06	103.77522484456843	4.0	0.0	False	0
6853	['bike']	2008-07-13 12:44:06	2008-07-13 12:44:34	105.2683469284101	4.0	0.0	False	0
6854	['bike']	2008-07-13 12:44:34	2008-07-13 12:45:16	107.14519085174211	3.0	-1.0	False	1
6855	['bike']	2008-07-13 12:45:16	2008-07-13 12:45:40	100.1919319196587	4.0	1.0	False	0
6856	['bike']	2008-07-13 12:45:40	2008-07-13 12:46:06	105.18855137654953	4.0	0.0	False	0
6857	['bike']	2008-07-13 12:46:06	2008-07-13 12:46:28	102.66613082546672	5.0	1.0	False	0
6858	['bike']	2008-07-13 12:46:28	2008-07-13 12:46:54	100.7259604805823	4.0	-1.0	False	0
6859	['bike']	2008-07-13 12:46:54	2008-07-13 12:47:20	107.41893350822198	4.0	0.0	False	0
6860	['bike']	2008-07-13 12:47:20	2008-07-13 12:47:48	100.03809524423036	4.0	0.0	False	0
6861	['bike']	2008-07-13 12:47:48	2008-07-13 12:48:18	105.9791764266343	4.0	0.0	False	0
6862	['bike']	2008-07-13 12:48:18	2008-07-13 12:49:16	101.27756582829986	2.0	-2.0	False	0
6863	['bike']	2008-07-13 12:49:16	2008-07-13 12:50:28	101.50481769834387	1.0	-1.0	False	0
6864	['bike']	2008-07-13 12:50:28	2008-07-13 12:51:40	101.83675823140024	1.0	0.0	False	0
6865	['bike']	2008-07-13 12:51:40	2008-07-13 12:52:56	102.65196443982461	1.0	0.0	False	0
6866	['bike']	2008-07-13 12:52:56	2008-07-13 12:54:14	100.96456551172405	1.0	0.0	False	0
6867	['bike']	2008-07-13 12:54:14	2008-07-13 12:55:30	101.0154201375087	1.0	0.0	False	0
6868	['bike']	2008-07-13 12:55:30	2008-07-13 12:56:34	107.5612333065891	2.0	1.0	False	0
6869	['bike']	2008-07-13 12:56:34	2008-07-13 12:58:05	102.82730430005816	1.0	-1.0	False	2
6870	['bike']	2008-07-13 12:58:05	2008-07-13 12:58:31	103.96094939826871	4.0	3.0	False	0
6871	['bike']	2008-07-13 12:58:31	2008-07-13 13:01:21	105.10469867238803	1.0	-3.0	False	6
6872	['bike']	2008-07-13 13:01:21	2008-07-13 13:01:37	106.64484416919777	7.0	6.0	False	0
6873	['bike']	2008-07-13 13:01:37	2008-07-13 13:02:27	101.45008031974072	2.0	-5.0	False	0
6874	['bike']	2008-07-13 13:02:27	2008-07-13 13:03:41	102.0351847168267	1.0	-1.0	False	0
6875	['bike']	2008-07-13 13:03:41	2008-07-13 13:04:35	101.11991655001029	2.0	1.0	False	0
6876	['bike', 'bus']	2008-07-13 13:04:35	2008-07-13 13:05:37	2154.6369765672735	35.0	33.0	True	2
