	transMode	startDate	endDate	distance	speed	acceleration	hasChangepoint	hasStopPoint
6286	['walk']	2008-07-06 09:00:02	2008-07-06 09:00:40	110.4977449874581	3.0	-2.0	False	0
6287	['walk']	2008-07-06 09:00:40	2008-07-06 09:02:33	172.97879554439038	2.0	-1.0	False	2
6288	['walk']	2008-07-06 09:02:33	2008-07-06 09:02:35	121.24520949975293	61.0	59.0	False	0
6289	['walk']	2008-07-06 09:02:35	2008-07-06 09:03:12	101.6891641972116	3.0	-58.0	False	0
6290	['walk', 'bus']	2008-07-06 09:03:12	2008-07-06 09:03:50	108.2243459901838	3.0	0.0	True	1
6291	['bus']	2008-07-06 09:03:50	2008-07-06 09:04:10	111.47146558342851	6.0	3.0	False	0
6292	['bus']	2008-07-06 09:04:10	2008-07-06 09:11:53	101.11143041745748	0.0	-6.0	False	1
6293	['bus']	2008-07-06 09:11:53	2008-07-06 09:12:12	101.29696756188322	5.0	5.0	False	0
6294	['bus']	2008-07-06 09:12:12	2008-07-06 09:13:39	106.66949613020313	1.0	-4.0	False	1
6295	['bus']	2008-07-06 09:13:39	2008-07-06 09:14:30	102.74393047436496	2.0	1.0	False	1
6296	['bus']	2008-07-06 09:14:30	2008-07-06 09:14:53	100.65010057797195	4.0	2.0	False	0
6297	['bus']	2008-07-06 09:14:53	2008-07-06 09:15:12	100.44876003288185	5.0	1.0	False	0
6298	['bus']	2008-07-06 09:15:12	2008-07-06 09:15:20	111.8939967406203	14.0	9.0	False	0
6299	['bus']	2008-07-06 09:15:20	2008-07-06 09:15:27	103.39529307465484	15.0	1.0	False	0
6300	['bus']	2008-07-06 09:15:27	2008-07-06 09:15:36	105.2573656072669	12.0	-3.0	False	0
6301	['bus']	2008-07-06 09:15:36	2008-07-06 09:16:40	100.58211828917216	2.0	-10.0	False	0
6302	['bus']	2008-07-06 09:16:40	2008-07-06 09:18:01	117.08820542465236	1.0	-1.0	False	1
6303	['bus']	2008-07-06 09:18:01	2008-07-06 09:24:18	105.19525395405826	0.0	-1.0	False	3
6304	['bus']	2008-07-06 09:24:18	2008-07-06 09:41:56	100.09510096358657	0.0	0.0	False	2
6305	['bus']	2008-07-06 09:41:56	2008-07-06 10:16:09	100.02606806194865	0.0	0.0	False	17
6306	['bus']	2008-07-06 10:16:09	2008-07-06 10:26:57	100.18957867528908	0.0	0.0	False	9
6307	['bus']	2008-07-06 10:26:57	2008-07-06 10:51:41	100.9369365284414	0.0	0.0	False	23
6308	['bus']	2008-07-06 10:51:41	2008-07-06 10:55:23	100.29871059594768	0.0	0.0	False	6
6309	['bus']	2008-07-06 10:55:23	2008-07-06 10:57:44	105.01101396048259	1.0	1.0	False	8
6310	['bus']	2008-07-06 10:57:44	2008-07-06 10:58:22	107.32586401685104	3.0	2.0	False	0
6311	['bus']	2008-07-06 10:58:22	2008-07-06 10:58:32	101.35840662097267	10.0	7.0	False	0
6312	['bus']	2008-07-06 10:58:32	2008-07-06 10:58:47	107.05665494100305	7.0	-3.0	False	0
6313	['bus']	2008-07-06 10:58:47	2008-07-06 10:58:59	101.81829398032286	8.0	1.0	False	0
6314	['bus']	2008-07-06 10:58:59	2008-07-06 10:59:26	102.99639191785698	4.0	-4.0	False	0
6315	['bus']	2008-07-06 10:59:26	2008-07-06 10:59:41	101.09915606211129	7.0	3.0	False	0
6316	['bus']	2008-07-06 10:59:41	2008-07-06 11:00:07	101.29146724260366	4.0	-3.0	False	0
6317	['bus']	2008-07-06 11:00:07	2008-07-06 11:00:45	103.69519923617968	3.0	-1.0	False	0
6318	['bus']	2008-07-06 11:00:45	2008-07-06 11:01:05	100.6511662229338	5.0	2.0	False	0
6319	['bus']	2008-07-06 11:01:05	2008-07-06 11:01:22	104.70176103563703	6.0	1.0	False	0
6320	['bus']	2008-07-06 11:01:22	2008-07-06 11:01:39	100.29678884441321	6.0	0.0	False	0
6321	['bus']	2008-07-06 11:01:39	2008-07-06 11:01:58	101.56608589764775	5.0	-1.0	False	0
6322	['bus']	2008-07-06 11:01:58	2008-07-06 11:02:15	105.78663154966667	6.0	1.0	False	0
6323	['bus']	2008-07-06 11:02:15	2008-07-06 11:02:33	100.30029789003672	6.0	0.0	False	0
6324	['bus']	2008-07-06 11:02:33	2008-07-06 11:02:58	100.38075332160152	4.0	-2.0	False	0
6325	['bus']	2008-07-06 11:02:58	2008-07-06 11:03:34	103.14381141026483	3.0	-1.0	False	0
6326	['bus']	2008-07-06 11:03:34	2008-07-06 11:03:54	103.75869666269159	5.0	2.0	False	0
6327	['bus']	2008-07-06 11:03:54	2008-07-06 11:05:41	100.05414100550017	1.0	-4.0	False	0
6328	['bus']	2008-07-06 11:05:41	2008-07-06 11:06:11	104.13433981485093	3.0	2.0	False	0
6329	['bus']	2008-07-06 11:06:11	2008-07-06 11:06:28	102.97927670655716	6.0	3.0	False	0
6330	['bus']	2008-07-06 11:06:28	2008-07-06 11:07:09	101.37834724600918	2.0	-4.0	False	0
6331	['bus']	2008-07-06 11:07:09	2008-07-06 11:07:34	102.16885819830813	4.0	2.0	False	0
6332	['bus']	2008-07-06 11:07:34	2008-07-06 11:07:51	100.22208158640667	6.0	2.0	False	0
6333	['bus']	2008-07-06 11:07:51	2008-07-06 11:08:08	100.7042998126202	6.0	0.0	False	0
6334	['bus']	2008-07-06 11:08:08	2008-07-06 11:08:27	104.42303113321988	5.0	-1.0	False	0
6335	['bus', 'walk']	2008-07-06 11:08:27	2008-07-06 11:09:04	100.14520106308885	3.0	-2.0	True	1
6336	['walk']	2008-07-06 11:09:04	2008-07-06 11:09:32	100.60061723109432	4.0	1.0	False	0
6337	['walk']	2008-07-06 11:09:32	2008-07-06 11:12:12	100.82063287413968	1.0	-3.0	False	0
6338	['walk']	2008-07-06 11:12:12	2008-07-06 11:13:12	101.16261121640595	2.0	1.0	False	2
6339	['walk']	2008-07-06 11:13:12	2008-07-06 11:15:36	100.85935598093745	1.0	-1.0	False	0
6340	['walk']	2008-07-06 11:15:36	2008-07-06 11:16:51	104.75792870602376	1.0	0.0	False	0
6341	['walk']	2008-07-06 11:16:51	2008-07-06 11:17:16	113.10538915663633	5.0	4.0	False	0
6342	['walk']	2008-07-06 11:17:16	2008-07-06 11:18:39	100.01472910659344	1.0	-4.0	False	0
6343	['walk']	2008-07-06 11:18:39	2008-07-06 11:19:52	100.1622447114026	1.0	0.0	False	0
6344	['walk']	2008-07-06 11:19:52	2008-07-06 11:20:56	100.31880487660565	2.0	1.0	False	0
6345	['walk']	2008-07-06 11:20:56	2008-07-06 11:22:03	101.49406729600355	2.0	0.0	False	1
6346	['walk']	2008-07-06 11:22:03	2008-07-06 11:23:09	101.16295389952171	2.0	0.0	False	0
6347	['walk']	2008-07-06 11:23:09	2008-07-06 11:24:11	101.38366570237962	2.0	0.0	False	0
6348	['walk']	2008-07-06 11:24:11	2008-07-06 11:25:21	101.38214868637174	1.0	-1.0	False	0
6349	['walk']	2008-07-06 11:25:21	2008-07-06 11:26:48	102.79348372189845	1.0	0.0	False	0
6350	['walk']	2008-07-06 11:26:48	2008-07-06 11:27:52	101.96621028760245	2.0	1.0	False	0
6351	['walk']	2008-07-06 11:27:52	2008-07-06 11:30:29	133.1556419900426	1.0	-1.0	False	1
6352	['walk']	2008-07-06 11:30:29	2008-07-06 11:45:40	102.45154110038534	0.0	-1.0	False	0
6353	['walk']	2008-07-06 11:45:40	2008-07-06 11:47:39	100.39158136175021	1.0	1.0	False	1
6354	['walk']	2008-07-06 11:47:39	2008-07-06 11:48:17	104.71956336877562	3.0	2.0	False	0
6355	['walk']	2008-07-06 11:48:17	2008-07-06 11:54:04	100.38070601971643	0.0	-3.0	False	2
6356	['walk']	2008-07-06 11:54:04	2008-07-06 11:55:27	101.49681146903032	1.0	1.0	False	1
6357	['walk']	2008-07-06 11:55:27	2008-07-06 11:56:37	100.00321900128836	1.0	0.0	False	1
6358	['walk']	2008-07-06 11:56:37	2008-07-06 11:57:12	111.0962733747293	3.0	2.0	False	0
6359	['walk']	2008-07-06 11:57:12	2008-07-06 11:57:44	116.37904570407528	4.0	1.0	False	0
6360	['walk']	2008-07-06 11:57:44	2008-07-06 11:58:12	101.16081194277905	4.0	0.0	False	0
6361	['walk']	2008-07-06 11:58:12	2008-07-06 12:00:20	100.55199239458908	1.0	-3.0	False	0
6362	['walk']	2008-07-06 12:00:20	2008-07-06 12:01:38	100.28519197472255	1.0	0.0	False	0
6363	['walk', 'bus']	2008-07-06 12:01:38	2008-07-06 12:02:21	107.10319099505907	2.0	1.0	True	0
6364	['bus']	2008-07-06 12:02:21	2008-07-06 12:02:46	419.7896677681895	17.0	15.0	False	0
6365	['bus']	2008-07-06 12:02:46	2008-07-06 12:05:48	363.5885089203863	2.0	-15.0	False	0
6366	['bus']	2008-07-06 12:05:48	2008-07-06 12:05:50	115.11194378475442	58.0	56.0	False	0
6367	['bus']	2008-07-06 12:05:50	2008-07-06 12:05:55	118.1639792959264	24.0	-34.0	False	0
6368	['bus']	2008-07-06 12:05:55	2008-07-06 12:06:02	101.35247105836739	14.0	-10.0	False	0
6369	['bus']	2008-07-06 12:06:02	2008-07-06 12:07:08	102.27587340917947	2.0	-12.0	False	0
6370	['bus']	2008-07-06 12:07:08	2008-07-06 12:10:18	101.85494993315956	1.0	-1.0	False	0
6371	['bus']	2008-07-06 12:10:18	2008-07-06 12:10:34	107.01457990086627	7.0	6.0	False	0
6372	['bus']	2008-07-06 12:10:34	2008-07-06 12:10:44	105.52745272618122	11.0	4.0	False	0
6373	['bus']	2008-07-06 12:10:44	2008-07-06 12:10:51	110.93681584322175	16.0	5.0	False	0
6374	['bus']	2008-07-06 12:10:51	2008-07-06 12:10:58	106.53351537755715	15.0	-1.0	False	0
6375	['bus']	2008-07-06 12:10:58	2008-07-06 12:11:05	101.00878749615781	14.0	-1.0	False	0
6376	['bus']	2008-07-06 12:11:05	2008-07-06 12:11:20	103.06846945804041	7.0	-7.0	False	0
6377	['bus']	2008-07-06 12:11:20	2008-07-06 12:11:30	103.66127509949474	10.0	3.0	False	0
6378	['bus']	2008-07-06 12:11:30	2008-07-06 12:12:41	104.16691691999739	1.0	-9.0	False	1
6379	['bus']	2008-07-06 12:12:41	2008-07-06 12:13:06	101.01409435455773	4.0	3.0	False	0
6380	['bus']	2008-07-06 12:13:06	2008-07-06 12:13:55	100.72387177065889	2.0	-2.0	False	1
6381	['bus']	2008-07-06 12:13:55	2008-07-06 12:14:14	104.46756212298499	5.0	3.0	False	0
6382	['bus', 'walk']	2008-07-06 12:14:14	2008-07-06 12:15:21	536.8389397395331	8.0	3.0	True	1
