	transMode	startDate	endDate	distance	speed	acceleration	hasChangepoint	hasStopPoint
177	['walk']	2008-04-22 11:11:55	2008-04-22 11:12:28	146.3418467279322	4.0	-126.0	False	0
178	['walk']	2008-04-22 11:12:28	2008-04-22 11:13:12	105.28835452140211	2.0	-2.0	False	1
179	['walk']	2008-04-22 11:13:12	2008-04-22 11:14:14	125.85613470673884	2.0	0.0	False	1
180	['walk', 'bus']	2008-04-22 11:14:14	2008-04-22 11:18:56	123.78887710009127	0.0	-2.0	True	1
181	['bus']	2008-04-22 11:18:56	2008-04-22 11:22:19	100.55669517956896	0.0	0.0	False	0
182	['bus']	2008-04-22 11:22:19	2008-04-22 11:22:27	111.21085069075558	14.0	14.0	False	0
183	['bus']	2008-04-22 11:22:27	2008-04-22 11:22:33	100.88227935375772	17.0	3.0	False	0
184	['bus']	2008-04-22 11:22:33	2008-04-22 11:22:38	102.86843148462567	21.0	4.0	False	0
185	['bus']	2008-04-22 11:22:38	2008-04-22 11:22:43	105.63647846728169	21.0	0.0	False	0
186	['bus']	2008-04-22 11:22:43	2008-04-22 11:22:48	109.8779110654973	22.0	1.0	False	0
187	['bus']	2008-04-22 11:22:48	2008-04-22 11:22:54	114.13778223504085	19.0	-3.0	False	0
188	['bus']	2008-04-22 11:22:54	2008-04-22 11:23:00	113.87518784998767	19.0	0.0	False	0
189	['bus']	2008-04-22 11:23:00	2008-04-22 11:23:06	109.45228121975283	18.0	-1.0	False	0
190	['bus']	2008-04-22 11:23:06	2008-04-22 11:23:12	100.83652432096295	17.0	-1.0	False	0
191	['bus']	2008-04-22 11:23:12	2008-04-22 11:24:01	100.98744280956068	2.0	-15.0	False	1
192	['bus']	2008-04-22 11:24:01	2008-04-22 11:24:57	105.28744469182388	2.0	0.0	False	1
193	['bus']	2008-04-22 11:24:57	2008-04-22 11:25:07	102.12856815680817	10.0	8.0	False	0
194	['bus']	2008-04-22 11:25:07	2008-04-22 11:25:27	105.22691754237354	5.0	-5.0	False	0
195	['bus']	2008-04-22 11:25:27	2008-04-22 11:25:43	101.16789932248102	6.0	1.0	False	0
196	['bus']	2008-04-22 11:25:43	2008-04-22 11:25:52	109.1382916600263	12.0	6.0	False	0
197	['bus']	2008-04-22 11:25:52	2008-04-22 11:25:58	107.44754997714945	18.0	6.0	False	0
198	['bus']	2008-04-22 11:25:58	2008-04-22 11:26:02	106.61184860516758	27.0	9.0	False	0
199	['bus']	2008-04-22 11:26:02	2008-04-22 11:26:09	103.42480594158297	15.0	-12.0	False	0
200	['bus']	2008-04-22 11:26:09	2008-04-22 11:26:22	106.3219146902126	8.0	-7.0	False	0
201	['bus']	2008-04-22 11:26:22	2008-04-22 11:26:31	104.25941231146169	12.0	4.0	False	0
202	['bus']	2008-04-22 11:26:31	2008-04-22 11:26:51	102.69355193145651	5.0	-7.0	False	0
203	['bus']	2008-04-22 11:26:51	2008-04-22 11:27:09	104.80126133785737	6.0	1.0	False	0
204	['bus']	2008-04-22 11:27:09	2008-04-22 11:27:58	101.1279641133339	2.0	-4.0	False	0
205	['bus']	2008-04-22 11:27:58	2008-04-22 11:28:34	102.88891492271213	3.0	1.0	False	0
206	['bus']	2008-04-22 11:28:34	2008-04-22 11:28:53	103.78727166343393	5.0	2.0	False	0
207	['bus']	2008-04-22 11:28:53	2008-04-22 11:29:15	104.91890323787163	5.0	0.0	False	0
208	['bus']	2008-04-22 11:29:15	2008-04-22 11:29:35	104.46250814264832	5.0	0.0	False	0
209	['bus']	2008-04-22 11:29:35	2008-04-22 11:29:52	110.54706693973782	7.0	2.0	False	0
210	['bus']	2008-04-22 11:29:52	2008-04-22 11:30:00	111.99934363791051	14.0	7.0	False	0
211	['bus']	2008-04-22 11:30:00	2008-04-22 11:30:07	105.41868780449364	15.0	1.0	False	0
212	['bus']	2008-04-22 11:30:07	2008-04-22 11:30:14	113.87092952522323	16.0	1.0	False	0
213	['bus']	2008-04-22 11:30:14	2008-04-22 11:30:20	103.41319853559429	17.0	1.0	False	0
214	['bus']	2008-04-22 11:30:20	2008-04-22 11:30:28	106.3466191611944	13.0	-4.0	False	0
215	['bus']	2008-04-22 11:30:28	2008-04-22 11:30:56	104.56908257567575	4.0	-9.0	False	0
216	['bus']	2008-04-22 11:30:56	2008-04-22 11:31:06	107.56722330414611	11.0	7.0	False	0
217	['bus']	2008-04-22 11:31:06	2008-04-22 11:31:15	103.53718870543764	12.0	1.0	False	0
218	['bus']	2008-04-22 11:31:15	2008-04-22 11:31:24	101.30419883447259	11.0	-1.0	False	0
219	['bus']	2008-04-22 11:31:24	2008-04-22 11:31:34	110.65923985086226	11.0	0.0	False	0
220	['bus']	2008-04-22 11:31:34	2008-04-22 11:31:42	103.00072556133034	13.0	2.0	False	0
221	['bus']	2008-04-22 11:31:42	2008-04-22 11:31:51	103.66147280444432	12.0	-1.0	False	0
222	['bus']	2008-04-22 11:31:51	2008-04-22 11:31:59	110.14173739803036	14.0	2.0	False	0
223	['bus']	2008-04-22 11:31:59	2008-04-22 11:32:06	100.86767300057339	14.0	0.0	False	0
224	['bus']	2008-04-22 11:32:06	2008-04-22 11:32:13	101.22734668429574	14.0	0.0	False	0
225	['bus']	2008-04-22 11:32:13	2008-04-22 11:32:21	110.10053097653706	14.0	0.0	False	0
226	['bus']	2008-04-22 11:32:21	2008-04-22 11:32:46	103.13360847626357	4.0	-10.0	False	0
227	['bus']	2008-04-22 11:32:46	2008-04-22 11:32:59	100.42906146238779	8.0	4.0	False	0
228	['bus']	2008-04-22 11:32:59	2008-04-22 11:33:33	103.74792682907479	3.0	-5.0	False	0
229	['bus']	2008-04-22 11:33:33	2008-04-22 11:33:46	103.62107295254945	8.0	5.0	False	0
230	['bus']	2008-04-22 11:33:46	2008-04-22 11:33:56	109.65733283651727	11.0	3.0	False	0
231	['bus']	2008-04-22 11:33:56	2008-04-22 11:34:08	103.0440731361202	9.0	-2.0	False	0
232	['bus']	2008-04-22 11:34:08	2008-04-22 11:34:55	101.57346140921437	2.0	-7.0	False	0
233	['bus']	2008-04-22 11:34:55	2008-04-22 11:35:31	104.0580970193317	3.0	1.0	False	0
234	['bus']	2008-04-22 11:35:31	2008-04-22 11:35:39	104.80871646329342	13.0	10.0	False	0
235	['bus']	2008-04-22 11:35:39	2008-04-22 11:35:49	100.29058241376939	10.0	-3.0	False	0
236	['bus']	2008-04-22 11:35:49	2008-04-22 11:36:15	102.10653535298958	4.0	-6.0	False	0
237	['bus']	2008-04-22 11:36:15	2008-04-22 11:36:23	103.03221468082856	13.0	9.0	False	0
238	['bus']	2008-04-22 11:36:23	2008-04-22 11:36:29	100.22004939090674	17.0	4.0	False	0
239	['bus']	2008-04-22 11:36:29	2008-04-22 11:36:35	104.09034289403263	17.0	0.0	False	0
240	['bus']	2008-04-22 11:36:35	2008-04-22 11:36:42	105.01818489367778	15.0	-2.0	False	0
241	['bus']	2008-04-22 11:36:42	2008-04-22 11:36:50	104.997966201215	13.0	-2.0	False	0
242	['bus']	2008-04-22 11:36:50	2008-04-22 11:36:57	110.78750811214697	16.0	3.0	False	0
243	['bus']	2008-04-22 11:36:57	2008-04-22 11:37:03	110.46187526690082	18.0	2.0	False	0
244	['bus']	2008-04-22 11:37:03	2008-04-22 11:37:13	101.41954067826893	10.0	-8.0	False	0
245	['bus']	2008-04-22 11:37:13	2008-04-22 11:37:22	104.78540287254505	12.0	2.0	False	0
246	['bus']	2008-04-22 11:37:22	2008-04-22 11:37:35	106.82291354423901	8.0	-4.0	False	0
247	['bus']	2008-04-22 11:37:35	2008-04-22 11:37:48	108.58659361710082	8.0	0.0	False	0
248	['bus']	2008-04-22 11:37:48	2008-04-22 11:38:18	109.98332000898867	4.0	-4.0	False	1
249	['bus']	2008-04-22 11:38:18	2008-04-22 11:38:26	105.69095743764748	13.0	9.0	False	0
250	['bus']	2008-04-22 11:38:26	2008-04-22 11:38:36	103.1512624866396	10.0	-3.0	False	0
251	['bus']	2008-04-22 11:38:36	2008-04-22 11:38:51	108.0839756122002	7.0	-3.0	False	0
252	['bus']	2008-04-22 11:38:51	2008-04-22 11:39:03	108.0758907107348	9.0	2.0	False	0
253	['bus']	2008-04-22 11:39:03	2008-04-22 11:39:19	107.9460543962084	7.0	-2.0	False	0
254	['bus']	2008-04-22 11:39:19	2008-04-22 11:39:56	105.77965887133311	3.0	-4.0	False	1
255	['bus']	2008-04-22 11:39:56	2008-04-22 11:40:12	100.25545213408806	6.0	3.0	False	0
256	['bus']	2008-04-22 11:40:12	2008-04-22 11:40:31	106.81745244519364	6.0	0.0	False	0
257	['bus']	2008-04-22 11:40:31	2008-04-22 11:40:57	108.22679646112168	4.0	-2.0	False	0
258	['bus']	2008-04-22 11:40:57	2008-04-22 11:41:15	101.91907534257709	6.0	2.0	False	0
259	['bus']	2008-04-22 11:41:15	2008-04-22 11:41:24	106.9590917026138	12.0	6.0	False	0
260	['bus']	2008-04-22 11:41:24	2008-04-22 11:41:36	106.27338223008653	9.0	-3.0	False	0
261	['bus']	2008-04-22 11:41:36	2008-04-22 11:41:45	103.51274437571294	12.0	3.0	False	0
262	['bus']	2008-04-22 11:41:45	2008-04-22 11:41:52	106.0920785902089	15.0	3.0	False	0
263	['bus']	2008-04-22 11:41:52	2008-04-22 11:41:58	100.11307707433409	17.0	2.0	False	0
264	['bus']	2008-04-22 11:41:58	2008-04-22 11:42:28	100.93830038773939	3.0	-14.0	False	0
265	['bus']	2008-04-22 11:42:28	2008-04-22 11:42:39	108.26763351861803	10.0	7.0	False	0
266	['bus']	2008-04-22 11:42:39	2008-04-22 11:43:13	108.38697192529779	3.0	-7.0	False	1
267	['bus']	2008-04-22 11:43:13	2008-04-22 11:43:25	104.63691207953451	9.0	6.0	False	0
268	['bus']	2008-04-22 11:43:25	2008-04-22 11:43:33	100.36117741938928	13.0	4.0	False	0
269	['bus']	2008-04-22 11:43:33	2008-04-22 11:43:42	102.74808848708653	11.0	-2.0	False	0
270	['bus']	2008-04-22 11:43:42	2008-04-22 11:43:53	105.89457067501166	10.0	-1.0	False	0
271	['bus']	2008-04-22 11:43:53	2008-04-22 11:44:09	106.114010337305	7.0	-3.0	False	0
272	['bus']	2008-04-22 11:44:09	2008-04-22 11:44:25	100.40498702887676	6.0	-1.0	False	0
273	['bus']	2008-04-22 11:44:25	2008-04-22 11:44:38	107.87109205063689	8.0	2.0	False	0
274	['bus']	2008-04-22 11:44:38	2008-04-22 11:44:47	100.75584579405518	11.0	3.0	False	0
275	['bus']	2008-04-22 11:44:47	2008-04-22 11:44:58	105.10221272415141	10.0	-1.0	False	0
276	['bus']	2008-04-22 11:44:58	2008-04-22 11:45:06	101.43326176713806	13.0	3.0	False	0
277	['bus']	2008-04-22 11:45:06	2008-04-22 11:45:13	113.1074935339249	16.0	3.0	False	0
278	['bus']	2008-04-22 11:45:13	2008-04-22 11:45:21	104.8026770506315	13.0	-3.0	False	0
279	['bus']	2008-04-22 11:45:21	2008-04-22 11:45:42	103.43140144009334	5.0	-8.0	False	0
280	['bus']	2008-04-22 11:45:42	2008-04-22 11:45:52	107.01374880912182	11.0	6.0	False	0
281	['bus']	2008-04-22 11:45:52	2008-04-22 11:46:34	100.61754431429125	2.0	-9.0	False	1
282	['bus']	2008-04-22 11:46:34	2008-04-22 11:47:05	102.27601383046678	3.0	1.0	False	0
283	['bus']	2008-04-22 11:47:05	2008-04-22 11:47:25	109.73977408285253	5.0	2.0	False	0
284	['bus']	2008-04-22 11:47:25	2008-04-22 11:48:07	108.16225883486516	3.0	-2.0	False	0
285	['bus']	2008-04-22 11:48:07	2008-04-22 11:49:48	101.64600608557015	1.0	-2.0	False	0
286	['bus']	2008-04-22 11:49:48	2008-04-22 11:49:57	107.99970325312349	12.0	11.0	False	0
287	['bus']	2008-04-22 11:49:57	2008-04-22 11:50:06	107.55040198599318	12.0	0.0	False	0
288	['bus']	2008-04-22 11:50:06	2008-04-22 11:50:35	102.09268760198276	4.0	-8.0	False	0
289	['bus']	2008-04-22 11:50:35	2008-04-22 11:51:26	100.10700170054719	2.0	-2.0	False	2
290	['bus']	2008-04-22 11:51:26	2008-04-22 11:51:35	100.59423774834005	11.0	9.0	False	0
291	['bus']	2008-04-22 11:51:35	2008-04-22 11:52:14	101.7482860250514	3.0	-8.0	False	0
292	['bus']	2008-04-22 11:52:14	2008-04-22 11:52:56	101.48914575251806	2.0	-1.0	False	0
293	['bus', 'walk']	2008-04-22 11:52:56	2008-04-22 11:53:09	2002.1077339981177	154.0	152.0	True	0
