	transMode	startDate	endDate	distance	speed	acceleration	hasChangepoint	hasStopPoint
15890	['walk']	2008-08-16 12:40:31	2008-08-16 12:42:06	101.5705632157586	1.0	0.0	False	0
15891	['walk']	2008-08-16 12:42:06	2008-08-16 12:43:31	105.305952102979	1.0	0.0	False	0
15892	['walk', 'bus']	2008-08-16 12:43:31	2008-08-16 12:49:56	118.4607414086955	0.0	-1.0	True	0
15893	['bus']	2008-08-16 12:49:56	2008-08-16 12:50:06	153.3535154939289	15.0	15.0	False	0
15894	['bus']	2008-08-16 12:50:06	2008-08-16 12:50:11	121.40897583348172	24.0	9.0	False	0
15895	['bus']	2008-08-16 12:50:11	2008-08-16 12:50:16	128.45230210357	26.0	2.0	False	0
15896	['bus']	2008-08-16 12:50:16	2008-08-16 12:50:21	135.75761011335396	27.0	1.0	False	0
15897	['bus']	2008-08-16 12:50:21	2008-08-16 12:50:26	126.80122168184593	25.0	-2.0	False	0
15898	['bus']	2008-08-16 12:50:26	2008-08-16 12:52:04	100.4496333733771	1.0	-24.0	False	3
15899	['bus']	2008-08-16 12:52:04	2008-08-16 12:52:31	114.34188369904695	4.0	3.0	False	1
15900	['bus']	2008-08-16 12:52:31	2008-08-16 12:52:36	118.3488095143361	24.0	20.0	False	0
15901	['bus']	2008-08-16 12:52:36	2008-08-16 12:52:41	134.7121526546628	27.0	3.0	False	0
15902	['bus']	2008-08-16 12:52:41	2008-08-16 12:52:46	147.92658477379928	30.0	3.0	False	0
15903	['bus']	2008-08-16 12:52:46	2008-08-16 12:52:51	156.135570524419	31.0	1.0	False	0
15904	['bus']	2008-08-16 12:52:51	2008-08-16 12:52:56	130.53472402578547	26.0	-5.0	False	0
15905	['bus']	2008-08-16 12:52:56	2008-08-16 12:53:26	112.61950325699321	4.0	-22.0	False	1
15906	['bus']	2008-08-16 12:53:26	2008-08-16 12:53:36	153.20732645487337	15.0	11.0	False	0
15907	['bus']	2008-08-16 12:53:36	2008-08-16 12:53:41	131.71246952226147	26.0	11.0	False	0
15908	['bus']	2008-08-16 12:53:41	2008-08-16 12:53:46	149.70716011554876	30.0	4.0	False	0
15909	['bus']	2008-08-16 12:53:46	2008-08-16 12:53:51	160.576139000379	32.0	2.0	False	0
15910	['bus']	2008-08-16 12:53:51	2008-08-16 12:53:56	159.78171778093485	32.0	0.0	False	0
15911	['bus']	2008-08-16 12:53:56	2008-08-16 12:54:01	135.29792864480552	27.0	-5.0	False	0
15912	['bus']	2008-08-16 12:54:01	2008-08-16 12:54:21	123.47157473204987	6.0	-21.0	False	0
15913	['bus']	2008-08-16 12:54:21	2008-08-16 12:54:26	108.8355214089645	22.0	16.0	False	0
15914	['bus']	2008-08-16 12:54:26	2008-08-16 12:54:31	124.96626253324897	25.0	3.0	False	0
15915	['bus']	2008-08-16 12:54:31	2008-08-16 12:54:36	115.46363345279765	23.0	-2.0	False	0
15916	['bus']	2008-08-16 12:54:36	2008-08-16 12:54:46	115.13576968873546	12.0	-11.0	False	0
15917	['bus']	2008-08-16 12:54:46	2008-08-16 12:54:56	163.94133247259032	16.0	4.0	False	0
15918	['bus']	2008-08-16 12:54:56	2008-08-16 12:55:01	162.8106577275979	33.0	17.0	False	0
15919	['bus']	2008-08-16 12:55:01	2008-08-16 12:55:06	159.42879406515388	32.0	-1.0	False	0
15920	['bus']	2008-08-16 12:55:06	2008-08-16 12:55:11	136.2449668904922	27.0	-5.0	False	0
15921	['bus']	2008-08-16 12:55:11	2008-08-16 12:55:16	137.53038939303087	28.0	1.0	False	0
15922	['bus']	2008-08-16 12:55:16	2008-08-16 12:55:21	151.5514362259269	30.0	2.0	False	0
15923	['bus']	2008-08-16 12:55:21	2008-08-16 12:55:26	148.7633925583563	30.0	0.0	False	0
15924	['bus']	2008-08-16 12:55:26	2008-08-16 12:55:31	157.9739248290257	32.0	2.0	False	0
15925	['bus']	2008-08-16 12:55:31	2008-08-16 12:55:36	154.08998756630308	31.0	-1.0	False	0
15926	['bus']	2008-08-16 12:55:36	2008-08-16 12:55:41	110.83468652534276	22.0	-9.0	False	0
15927	['bus']	2008-08-16 12:55:41	2008-08-16 12:56:11	124.62136214761162	4.0	-18.0	False	0
15928	['bus']	2008-08-16 12:56:11	2008-08-16 12:56:16	124.55384641752558	25.0	21.0	False	0
15929	['bus']	2008-08-16 12:56:16	2008-08-16 12:56:21	161.34872362971737	32.0	7.0	False	0
15930	['bus']	2008-08-16 12:56:21	2008-08-16 12:56:26	177.0400707713154	35.0	3.0	False	0
15931	['bus']	2008-08-16 12:56:26	2008-08-16 12:56:31	181.9658483783769	36.0	1.0	False	0
15932	['bus']	2008-08-16 12:56:31	2008-08-16 12:56:36	180.83794399727884	36.0	0.0	False	0
15933	['bus']	2008-08-16 12:56:36	2008-08-16 12:56:41	176.04923520127187	35.0	-1.0	False	0
15934	['bus']	2008-08-16 12:56:41	2008-08-16 12:56:46	169.64646629087753	34.0	-1.0	False	0
15935	['bus']	2008-08-16 12:56:46	2008-08-16 12:56:51	168.61976820589888	34.0	0.0	False	0
15936	['bus']	2008-08-16 12:56:51	2008-08-16 12:56:56	174.6981168211662	35.0	1.0	False	0
15937	['bus']	2008-08-16 12:56:56	2008-08-16 12:57:01	186.29889089946272	37.0	2.0	False	0
15938	['bus']	2008-08-16 12:57:01	2008-08-16 12:57:06	201.30930951055205	40.0	3.0	False	0
15939	['bus']	2008-08-16 12:57:06	2008-08-16 12:57:11	209.33718318477656	42.0	2.0	False	0
15940	['bus']	2008-08-16 12:57:11	2008-08-16 12:57:16	219.270551051243	44.0	2.0	False	0
15941	['bus']	2008-08-16 12:57:16	2008-08-16 12:57:21	222.78573456979365	45.0	1.0	False	0
15942	['bus']	2008-08-16 12:57:21	2008-08-16 12:57:26	183.6376572798249	37.0	-8.0	False	0
15943	['bus']	2008-08-16 12:57:26	2008-08-16 12:57:31	113.26429654637863	23.0	-14.0	False	0
15944	['bus']	2008-08-16 12:57:31	2008-08-16 12:57:46	106.42894147144963	7.0	-16.0	False	0
15945	['bus']	2008-08-16 12:57:46	2008-08-16 12:59:11	106.60337361465128	1.0	-6.0	False	2
15946	['bus']	2008-08-16 12:59:11	2008-08-16 12:59:31	126.13241729693712	6.0	5.0	False	0
15947	['bus']	2008-08-16 12:59:31	2008-08-16 12:59:41	107.21864227899532	11.0	5.0	False	0
15948	['bus']	2008-08-16 12:59:41	2008-08-16 12:59:51	102.09803486097297	10.0	-1.0	False	0
15949	['bus']	2008-08-16 12:59:51	2008-08-16 13:00:46	104.55793201282178	2.0	-8.0	False	1
15950	['bus']	2008-08-16 13:00:46	2008-08-16 13:01:16	117.28126619248455	4.0	2.0	False	0
15951	['bus']	2008-08-16 13:01:16	2008-08-16 13:01:31	117.1006443877831	8.0	4.0	False	0
15952	['bus', 'walk']	2008-08-16 13:01:31	2008-08-16 13:45:16	102.18707953554318	0.0	-8.0	True	0
15953	['walk']	2008-08-16 13:45:16	2008-08-16 13:48:01	105.02661869096859	1.0	1.0	False	0
15954	['walk']	2008-08-16 13:48:01	2008-08-16 13:50:11	102.62204447338532	1.0	0.0	False	0
15955	['walk']	2008-08-16 13:50:11	2008-08-16 13:52:16	100.47930588230952	1.0	0.0	False	0
15956	['walk']	2008-08-16 13:52:16	2008-08-16 13:53:36	101.80936213261904	1.0	0.0	False	1
15957	['walk']	2008-08-16 13:53:36	2008-08-16 13:54:56	109.16838303968737	1.0	0.0	False	0
15958	['walk']	2008-08-16 13:54:56	2008-08-16 13:56:16	113.51790919094816	1.0	0.0	False	1
15959	['walk']	2008-08-16 13:56:16	2008-08-16 13:57:01	108.69909793825464	2.0	1.0	False	0
15960	['walk']	2008-08-16 13:57:01	2008-08-16 13:57:56	104.3847151442944	2.0	0.0	False	0
15961	['walk']	2008-08-16 13:57:56	2008-08-16 13:59:11	100.94966272257562	1.0	-1.0	False	0
15962	['walk']	2008-08-16 13:59:11	2008-08-16 14:00:46	101.07606765460567	1.0	0.0	False	0
15963	['walk']	2008-08-16 14:00:46	2008-08-16 14:03:16	118.15117212774267	1.0	0.0	False	2
15964	['walk']	2008-08-16 14:03:16	2008-08-16 14:03:46	495.07784539219233	17.0	16.0	False	0
