	transMode	startDate	endDate	distance	speed	acceleration	hasChangepoint	hasStopPoint
11488	['walk']	2008-10-25 03:23:39	2008-10-25 03:24:34	101.01570154953761	2.0	-272.0	False	0
11489	['walk']	2008-10-25 03:24:34	2008-10-25 03:25:28	101.53752458912044	2.0	0.0	False	0
11490	['walk']	2008-10-25 03:25:28	2008-10-25 03:26:12	104.18107480969515	2.0	0.0	False	0
11491	['walk']	2008-10-25 03:26:12	2008-10-25 03:26:54	101.3856248368657	2.0	0.0	False	0
11492	['walk']	2008-10-25 03:26:54	2008-10-25 03:27:48	101.94116216344935	2.0	0.0	False	0
11493	['walk']	2008-10-25 03:27:48	2008-10-25 10:00:32	100.19197560504445	0.0	-2.0	False	0
11494	['walk']	2008-10-25 10:00:32	2008-10-25 10:01:26	101.26381268098568	2.0	2.0	False	0
11495	['walk']	2008-10-25 10:01:26	2008-10-25 10:02:16	102.01546821363854	2.0	0.0	False	0
11496	['walk']	2008-10-25 10:02:16	2008-10-25 10:03:22	102.61384165987748	2.0	0.0	False	0
11497	['walk']	2008-10-25 10:03:22	2008-10-25 10:04:12	101.1663864744552	2.0	0.0	False	0
11498	['walk']	2008-10-25 10:04:12	2008-10-25 10:05:04	102.49674139378705	2.0	0.0	False	0
11499	['walk']	2008-10-25 10:05:04	2008-10-25 10:05:56	101.0382768008559	2.0	0.0	False	0
11500	['walk']	2008-10-25 10:05:56	2008-10-25 10:06:46	100.85153362747718	2.0	0.0	False	0
11501	['walk']	2008-10-25 10:06:46	2008-10-25 10:07:46	161.9764954094523	3.0	1.0	False	0
11502	['walk']	2008-10-25 10:07:46	2008-10-25 10:09:52	113.50361549135185	1.0	-2.0	False	0
11503	['walk']	2008-10-25 10:09:52	2008-10-25 10:10:15	101.96548318834344	4.0	3.0	False	0
11504	['walk']	2008-10-25 10:10:15	2008-10-25 10:40:54	107.04381281568732	0.0	-4.0	False	0
11505	['walk']	2008-10-25 10:40:54	2008-10-25 10:41:04	222.46446723137947	22.0	22.0	False	0
11506	['walk']	2008-10-25 10:41:04	2008-10-25 10:41:07	141.58993468839853	47.0	25.0	False	0
11507	['walk']	2008-10-25 10:41:07	2008-10-25 10:41:25	100.33484030258356	6.0	-41.0	False	0
11508	['walk']	2008-10-25 10:41:25	2008-10-25 10:46:35	100.65872259190847	0.0	-6.0	False	0
11509	['walk']	2008-10-25 10:46:35	2008-10-25 10:47:37	100.74258746702675	2.0	2.0	False	0
11510	['walk']	2008-10-25 10:47:37	2008-10-25 10:49:21	100.78063271320065	1.0	-1.0	False	1
11511	['walk']	2008-10-25 10:49:21	2008-10-25 10:50:11	102.5310378026547	2.0	1.0	False	0
11512	['walk']	2008-10-25 10:50:11	2008-10-25 10:51:13	102.98819522537181	2.0	0.0	False	0
11513	['walk']	2008-10-25 10:51:13	2008-10-25 10:52:15	102.1550228771658	2.0	0.0	False	0
11514	['walk']	2008-10-25 10:52:15	2008-10-25 10:52:59	101.13689067739722	2.0	0.0	False	0
11515	['walk']	2008-10-25 10:52:59	2008-10-25 10:53:57	101.93570769904933	2.0	0.0	False	0
11516	['walk']	2008-10-25 10:53:57	2008-10-25 10:54:57	103.00646032631235	2.0	0.0	False	0
11517	['walk']	2008-10-25 10:54:57	2008-10-25 10:55:45	102.68624851030053	2.0	0.0	False	0
11518	['walk']	2008-10-25 10:55:45	2008-10-25 10:56:47	101.62249665701393	2.0	0.0	False	0
11519	['walk']	2008-10-25 10:56:47	2008-10-25 10:58:47	101.70937957627795	1.0	-1.0	False	0
11520	['walk']	2008-10-25 10:58:47	2008-10-25 11:01:07	101.08385501202737	1.0	0.0	False	0
11521	['walk']	2008-10-25 11:01:07	2008-10-25 11:03:27	101.07160442265318	1.0	0.0	False	0
11522	['walk']	2008-10-25 11:03:27	2008-10-25 11:05:21	100.45254000837863	1.0	0.0	False	0
11523	['walk']	2008-10-25 11:05:21	2008-10-25 11:07:29	100.99517285049389	1.0	0.0	False	0
11524	['walk']	2008-10-25 11:07:29	2008-10-25 11:08:41	178.4420836983297	2.0	1.0	False	0
11525	['walk']	2008-10-25 11:08:41	2008-10-25 11:08:47	289.61410047069404	48.0	46.0	False	0
11526	['walk']	2008-10-25 11:08:47	2008-10-25 11:08:50	339.2162417793378	113.0	65.0	False	0
11527	['walk']	2008-10-25 11:08:50	2008-10-25 11:08:52	225.69837683378745	113.0	0.0	False	0
11528	['walk']	2008-10-25 11:08:52	2008-10-25 11:08:55	164.2164003955566	55.0	-58.0	False	0
11529	['walk']	2008-10-25 11:08:55	2008-10-25 11:08:58	150.56148410232356	50.0	-5.0	False	0
11530	['walk']	2008-10-25 11:08:58	2008-10-25 11:09:01	448.9180819454301	150.0	100.0	False	0
11531	['walk']	2008-10-25 11:09:01	2008-10-25 11:09:06	370.32888910932064	74.0	-76.0	False	0
11532	['walk']	2008-10-25 11:09:06	2008-10-25 11:09:16	112.889162494805	11.0	-63.0	False	0
11533	['walk']	2008-10-25 11:09:16	2008-10-25 11:12:32	101.08812135787147	1.0	-10.0	False	0
11534	['walk']	2008-10-25 11:12:32	2008-10-25 11:13:38	103.45962543479449	2.0	1.0	False	0
11535	['walk']	2008-10-25 11:13:38	2008-10-25 11:14:42	101.72012412160818	2.0	0.0	False	0
11536	['walk']	2008-10-25 11:14:42	2008-10-25 11:15:51	101.28557025763801	1.0	-1.0	False	0
11537	['walk']	2008-10-25 11:15:51	2008-10-25 11:17:09	128.38239176741337	2.0	1.0	False	0
11538	['walk']	2008-10-25 11:17:09	2008-10-25 11:17:55	100.75816170339158	2.0	0.0	False	0
11539	['walk']	2008-10-25 11:17:55	2008-10-25 11:18:47	100.80263159388802	2.0	0.0	False	0
11540	['walk']	2008-10-25 11:18:47	2008-10-25 11:19:45	101.3433648327118	2.0	0.0	False	0
11541	['walk']	2008-10-25 11:19:45	2008-10-25 11:20:39	100.7728446347722	2.0	0.0	False	0
11542	['walk']	2008-10-25 11:20:39	2008-10-25 11:21:47	103.3389751732723	2.0	0.0	False	0
11543	['walk']	2008-10-25 11:21:47	2008-10-25 11:22:49	104.91882782825107	2.0	0.0	False	0
11544	['walk']	2008-10-25 11:22:49	2008-10-25 11:23:45	101.43164509845032	2.0	0.0	False	0
11545	['walk']	2008-10-25 11:23:45	2008-10-25 11:24:33	100.18441143651737	2.0	0.0	False	0
11546	['walk']	2008-10-25 11:24:33	2008-10-25 11:25:29	100.35941469106226	2.0	0.0	False	0
11547	['walk']	2008-10-25 11:25:29	2008-10-25 11:26:15	12824.325583570111	279.0	277.0	False	0
