	transMode	startDate	endDate	distance	speed	acceleration	hasChangepoint	hasStopPoint
243	['bus']	2007-04-28 13:40:58	2007-04-28 13:40:58	208.1744931171503	0.0	0.0	False	0
244	['bus']	2007-04-28 13:40:58	2007-04-28 13:42:30	239.01367224404817	3.0	3.0	False	0
245	['bus']	2007-04-28 13:42:30	2007-04-28 13:42:41	433.7209743390521	39.0	36.0	False	0
246	['bus']	2007-04-28 13:42:41	2007-04-28 13:44:03	397.9915375935624	5.0	-34.0	False	0
247	['bus']	2007-04-28 13:44:03	2007-04-28 13:45:08	225.93197833997908	3.0	-2.0	False	0
248	['bus']	2007-04-28 13:45:08	2007-04-28 13:45:42	266.8777023723732	8.0	5.0	False	0
249	['bus']	2007-04-28 13:45:42	2007-04-28 13:46:05	115.006179084105	5.0	-3.0	False	0
250	['bus']	2007-04-28 13:46:05	2007-04-28 13:46:48	262.3443751034797	6.0	1.0	False	0
251	['walk']	2007-04-28 13:46:48	2007-04-28 13:47:39	680.9378563160606	13.0	7.0	False	0
