	transMode	startDate	endDate	distance	speed	acceleration	hasChangepoint	hasStopPoint
455	['walk']	2011-09-05 00:15:52	2011-09-05 00:16:16	100.07000986392681	4.0	4.0	False	3
456	['walk']	2011-09-05 00:16:16	2011-09-05 00:16:46	100.5476554853516	3.0	-1.0	False	2
457	['walk']	2011-09-05 00:16:46	2011-09-05 00:17:08	103.06095599068881	5.0	2.0	False	1
458	['walk']	2011-09-05 00:17:08	2011-09-05 00:17:12	102.45314633157399	26.0	21.0	False	0
459	['walk']	2011-09-05 00:17:12	2011-09-05 00:17:24	101.88506639058883	8.0	-18.0	False	1
460	['walk']	2011-09-05 00:17:24	2011-09-05 00:17:35	121.29346769651492	11.0	3.0	False	1
461	['walk']	2011-09-05 00:17:35	2011-09-05 00:17:37	107.4875178992353	54.0	43.0	False	0
462	['walk']	2011-09-05 00:17:37	2011-09-05 00:17:40	102.90705849429959	34.0	-20.0	False	0
463	['walk']	2011-09-05 00:17:40	2011-09-05 00:18:03	100.31577875652292	4.0	-30.0	False	1
464	['walk']	2011-09-05 00:18:03	2011-09-05 00:18:33	110.01824070825668	4.0	0.0	False	1
465	['walk']	2011-09-05 00:18:33	2011-09-05 00:18:34	152.206332104107	152.0	148.0	False	0
466	['walk']	2011-09-05 00:18:34	2011-09-05 00:20:09	102.88369309713437	1.0	-151.0	False	0
467	['walk']	2011-09-05 00:20:09	2011-09-05 00:20:43	101.03219022481927	3.0	2.0	False	2
468	['walk']	2011-09-05 00:20:43	2011-09-05 00:21:32	100.19356571289806	2.0	-1.0	False	4
469	['walk']	2011-09-05 00:21:32	2011-09-05 00:21:53	100.06582161188426	5.0	3.0	False	4
470	['walk']	2011-09-05 00:21:53	2011-09-05 00:22:29	103.0743652585682	3.0	-2.0	False	0
471	['walk']	2011-09-05 00:22:29	2011-09-05 00:22:50	126.84209540791768	6.0	3.0	False	4
472	['walk']	2011-09-05 00:22:50	2011-09-05 00:23:29	101.13230980473878	3.0	-3.0	False	3
473	['walk']	2011-09-05 00:23:29	2011-09-05 00:23:59	100.77799215444064	3.0	0.0	False	1
474	['walk']	2011-09-05 00:23:59	2011-09-05 00:24:19	100.60820342036799	5.0	2.0	False	0
475	['walk']	2011-09-05 00:24:19	2011-09-05 00:25:04	100.89248477350858	2.0	-3.0	False	1
476	['walk']	2011-09-05 00:25:04	2011-09-05 00:25:19	101.66830242181055	7.0	5.0	False	1
477	['walk']	2011-09-05 00:25:19	2011-09-05 00:25:52	103.51740401111277	3.0	-4.0	False	0
478	['walk']	2011-09-05 00:25:52	2011-09-05 00:26:04	101.60110768443744	8.0	5.0	False	3
479	['walk']	2011-09-05 00:26:04	2011-09-05 00:26:46	108.45394278980082	3.0	-5.0	False	2
480	['walk']	2011-09-05 00:26:46	2011-09-05 00:26:55	103.73681659880812	12.0	9.0	False	0
481	['walk']	2011-09-05 00:26:55	2011-09-05 00:27:30	100.07805378487906	3.0	-9.0	False	2
482	['walk']	2011-09-05 00:27:30	2011-09-05 00:28:08	100.25731343408764	3.0	0.0	False	0
483	['walk']	2011-09-05 00:28:08	2011-09-05 00:28:29	115.71540124351887	6.0	3.0	False	5
484	['walk']	2011-09-05 00:28:29	2011-09-05 00:28:56	100.3113232033149	4.0	-2.0	False	0
485	['walk']	2011-09-05 00:28:56	2011-09-05 00:29:11	101.39102149849495	7.0	3.0	False	0
486	['walk']	2011-09-05 00:29:11	2011-09-05 00:29:48	101.00149368816723	3.0	-4.0	False	2
487	['walk']	2011-09-05 00:29:48	2011-09-05 00:30:28	100.30688829601603	3.0	0.0	False	1
488	['walk']	2011-09-05 00:30:28	2011-09-05 00:30:46	101.99799393802543	6.0	3.0	False	4
489	['walk']	2011-09-05 00:30:46	2011-09-05 00:31:22	125.6409347372186	3.0	-3.0	False	2
490	['walk']	2011-09-05 00:31:22	2011-09-05 00:32:15	101.0968919339307	2.0	-1.0	False	6
491	['walk']	2011-09-05 00:32:15	2011-09-05 00:33:03	101.17741480989835	2.0	0.0	False	2
492	['walk']	2011-09-05 00:33:03	2011-09-05 00:33:27	101.76910033125719	4.0	2.0	False	2
493	['walk']	2011-09-05 00:33:27	2011-09-05 00:34:04	100.9139235644011	3.0	-1.0	False	2
494	['walk']	2011-09-05 00:34:04	2011-09-05 00:34:41	100.02293016218485	3.0	0.0	False	0
495	['walk']	2011-09-05 00:34:41	2011-09-05 00:34:57	100.14574737716109	6.0	3.0	False	0
496	['walk']	2011-09-05 00:34:57	2011-09-05 00:35:18	108.5168540489286	5.0	-1.0	False	1
497	['walk']	2011-09-05 00:35:18	2011-09-05 00:35:27	100.41908385982764	11.0	6.0	False	0
498	['walk']	2011-09-05 00:35:27	2011-09-05 00:36:02	105.67565080658383	3.0	-8.0	False	2
499	['walk']	2011-09-05 00:36:02	2011-09-05 00:36:22	100.64775471295583	5.0	2.0	False	1
500	['walk']	2011-09-05 00:36:22	2011-09-05 00:37:07	101.17694464143175	2.0	-3.0	False	1
501	['walk']	2011-09-05 00:37:07	2011-09-05 00:38:00	100.06741943940827	2.0	0.0	False	4
502	['walk']	2011-09-05 00:38:00	2011-09-05 00:39:48	100.15351428725798	1.0	-1.0	False	11
503	['walk']	2011-09-05 00:39:48	2011-09-05 00:40:21	103.37971706266376	3.0	2.0	False	7
504	['walk']	2011-09-05 00:40:21	2011-09-05 00:41:24	101.17768632438332	2.0	-1.0	False	0
505	['walk']	2011-09-05 00:41:24	2011-09-05 00:41:58	112.33510184613382	3.0	1.0	False	3
506	['walk']	2011-09-05 00:41:58	2011-09-05 00:42:37	100.1535965685558	3.0	0.0	False	1
507	['walk']	2011-09-05 00:42:37	2011-09-05 00:43:29	100.05236925835162	2.0	-1.0	False	3
508	['walk']	2011-09-05 00:43:29	2011-09-05 00:44:11	102.89089054529579	2.0	0.0	False	0
509	['walk']	2011-09-05 00:44:11	2011-09-05 00:44:11	128.3057588699087	0.0	0.0	False	0
510	['walk']	2011-09-05 00:44:11	2011-09-05 00:44:19	125.34020105501838	16.0	16.0	False	0
511	['walk']	2011-09-05 00:44:19	2011-09-05 00:44:24	105.26227112156559	21.0	5.0	False	0
512	['walk']	2011-09-05 00:44:24	2011-09-05 00:44:28	100.27425679569352	25.0	4.0	False	0
513	['walk']	2011-09-05 00:44:28	2011-09-05 00:45:23	100.57929624355661	2.0	-23.0	False	11
514	['walk']	2011-09-05 00:45:23	2011-09-05 00:46:01	100.67899521288486	3.0	1.0	False	5
515	['walk']	2011-09-05 00:46:01	2011-09-05 00:46:05	117.49941960670739	29.0	26.0	False	0
516	['walk']	2011-09-05 00:46:05	2011-09-05 00:46:06	104.46549822981396	104.0	75.0	False	0
517	['walk']	2011-09-05 00:46:06	2011-09-05 00:46:12	102.04870355457716	17.0	-87.0	False	0
518	['walk']	2011-09-05 00:46:12	2011-09-05 00:46:44	102.11695286546014	3.0	-14.0	False	1
519	['walk']	2011-09-05 00:46:44	2011-09-05 00:46:50	101.93837037568423	17.0	14.0	False	0
520	['walk']	2011-09-05 00:46:50	2011-09-05 00:46:52	105.63115246725215	53.0	36.0	False	0
521	['walk']	2011-09-05 00:46:52	2011-09-05 00:47:05	110.30116456371212	8.0	-45.0	False	0
522	['walk']	2011-09-05 00:47:05	2011-09-05 00:47:46	100.28481833980959	2.0	-6.0	False	1
523	['walk']	2011-09-05 00:47:46	2011-09-05 00:47:53	117.41019365384281	17.0	15.0	False	0
524	['walk']	2011-09-05 00:47:53	2011-09-05 00:48:09	101.61518663428471	6.0	-11.0	False	0
525	['walk']	2011-09-05 00:48:09	2011-09-05 00:49:07	100.16783340683551	2.0	-4.0	False	2
526	['walk']	2011-09-05 00:49:07	2011-09-05 00:49:24	120.38430052261634	7.0	5.0	False	1
527	['walk']	2011-09-05 00:49:24	2011-09-05 00:49:25	266.2470528989332	266.0	259.0	False	0
528	['walk']	2011-09-05 00:49:25	2011-09-05 00:49:50	233.14965307384523	9.0	-257.0	False	0
529	['walk']	2011-09-05 00:49:50	2011-09-05 00:49:51	127.3566714219962	127.0	118.0	False	0
530	['walk']	2011-09-05 00:49:51	2011-09-05 00:50:36	106.71072186889054	2.0	-125.0	False	4
531	['walk']	2011-09-05 00:50:36	2011-09-05 00:51:38	156.96248361275005	3.0	1.0	False	0
532	['walk']	2011-09-05 00:51:38	2011-09-05 00:56:23	104.25567560927327	0.0	-3.0	False	0
533	['walk']	2011-09-05 00:56:23	2011-09-05 00:56:28	103.21957683785041	21.0	21.0	False	0
534	['walk']	2011-09-05 00:56:28	2011-09-05 00:56:35	102.6309426167121	15.0	-6.0	False	0
535	['walk']	2011-09-05 00:56:35	2011-09-05 00:56:55	222.98006195514685	11.0	-4.0	False	2
