	transMode	startDate	endDate	distance	speed	acceleration	hasChangepoint	hasStopPoint
925	['bike']	2007-04-18 13:36:30	2007-04-18 13:36:49	147.08188518926747	8.0	5.0	False	0
926	['bike']	2007-04-18 13:36:49	2007-04-18 13:38:30	337.64038545076664	3.0	-5.0	False	0
927	['bike']	2007-04-18 13:38:30	2007-04-18 13:38:33	293.5637075089179	98.0	95.0	False	0
928	['bike']	2007-04-18 13:38:33	2007-04-18 13:39:02	121.53081357175775	4.0	-94.0	False	0
929	['bike']	2007-04-18 13:39:02	2007-04-18 13:39:50	125.40024481749725	3.0	-1.0	False	0
930	['bike']	2007-04-18 13:39:50	2007-04-18 13:39:58	228.28086033831562	29.0	26.0	False	0
931	['bike']	2007-04-18 13:39:58	2007-04-18 13:40:45	223.79641302545514	5.0	-24.0	False	0
932	['bike']	2007-04-18 13:40:45	2007-04-18 13:42:36	723.7080206380103	7.0	2.0	False	0
933	['bike']	2007-04-18 13:42:36	2007-04-18 13:42:44	741.3765851661051	93.0	86.0	False	0
934	['bike']	2007-04-18 13:42:44	2007-04-18 13:42:57	177.94396718783008	14.0	-79.0	False	0
935	['bike']	2007-04-18 13:42:57	2007-04-18 13:43:06	144.57312303808754	16.0	2.0	False	0
936	['bike']	2007-04-18 13:43:06	2007-04-18 13:43:16	111.20452724304646	11.0	-5.0	False	0
937	['bike']	2007-04-18 13:43:16	2007-04-18 13:43:22	326.1999789402559	54.0	43.0	False	0
938	['bike']	2007-04-18 13:43:22	2007-04-18 13:44:07	361.42131052863914	8.0	-46.0	False	0
939	['bike']	2007-04-18 13:44:07	2007-04-18 13:44:17	114.95103291997981	11.0	3.0	False	0
940	['bike']	2007-04-18 13:44:17	2007-04-18 13:44:24	693.1501396299033	99.0	88.0	False	0
941	['bike']	2007-04-18 13:44:24	2007-04-18 13:45:58	708.0369381236686	8.0	-91.0	False	0
942	['bike']	2007-04-18 13:45:58	2007-04-18 13:46:06	804.4029980658084	101.0	93.0	False	0
943	['bike']	2007-04-18 13:46:06	2007-04-18 13:47:41	871.0314285168613	9.0	-92.0	False	0
944	['bike']	2007-04-18 13:47:41	2007-04-18 13:48:01	213.16126849824258	11.0	2.0	False	0
945	['bike']	2007-04-18 13:48:01	2007-04-18 13:48:14	128.04178120450933	10.0	-1.0	False	0
946	['bike']	2007-04-18 13:48:14	2007-04-18 13:48:25	173.10890524224965	16.0	6.0	False	0
947	['bike']	2007-04-18 13:48:25	2007-04-18 13:48:38	163.10501953850957	13.0	-3.0	False	0
948	['bike']	2007-04-18 13:48:38	2007-04-18 13:48:47	155.677972160407	17.0	4.0	False	0
949	['bike']	2007-04-18 13:48:47	2007-04-18 13:49:00	153.81964848715455	12.0	-5.0	False	0
950	['bike']	2007-04-18 13:49:00	2007-04-18 13:49:32	154.13224858376503	5.0	-7.0	False	0
951	['bike']	2007-04-18 13:49:32	2007-04-18 13:50:11	125.37588859241141	3.0	-2.0	False	0
952	['bike']	2007-04-18 13:50:11	2007-04-18 13:50:44	153.87842633229843	5.0	2.0	False	0
953	['bike']	2007-04-18 13:50:44	2007-04-18 13:51:21	122.42635374116028	3.0	-2.0	False	0
954	['bike']	2007-04-18 13:51:21	2007-04-18 13:51:45	103.0724206506857	4.0	1.0	False	0
955	['bike']	2007-04-18 13:51:45	2007-04-18 13:52:12	110.92250973977093	4.0	0.0	False	0
956	['bike']	2007-04-18 13:52:12	2007-04-18 13:52:50	104.598347216131	3.0	-1.0	False	0
957	['bike']	2007-04-18 13:52:50	2007-04-18 13:53:36	144.72229583229017	3.0	0.0	False	0
958	['bike']	2007-04-18 13:53:36	2007-04-18 13:54:13	107.567782743681	3.0	0.0	False	0
959	['bike']	2007-04-18 13:54:13	2007-04-18 13:54:45	105.44864793090909	3.0	0.0	False	0
960	['bike']	2007-04-18 13:54:45	2007-04-18 13:55:22	106.10839815562656	3.0	0.0	False	0
961	['bike']	2007-04-18 13:55:22	2007-04-18 13:55:55	129.97661897612318	4.0	1.0	False	0
962	['bike']	2007-04-18 13:55:55	2007-04-18 13:56:32	144.0535584735835	4.0	0.0	False	0
963	['bike']	2007-04-18 13:56:32	2007-04-18 13:56:44	140.91171236008216	12.0	8.0	False	0
964	['bike']	2007-04-18 13:56:44	2007-04-18 13:56:55	139.03298537873968	13.0	1.0	False	0
965	['bike']	2007-04-18 13:56:55	2007-04-18 13:57:05	120.50624851727278	12.0	-1.0	False	0
966	['bike']	2007-04-18 13:57:05	2007-04-18 13:57:15	103.81282156092698	10.0	-2.0	False	0
967	['bike']	2007-04-18 13:57:15	2007-04-18 13:57:24	114.91367511197615	13.0	3.0	False	0
968	['bike']	2007-04-18 13:57:24	2007-04-18 13:57:35	166.80077904129428	15.0	2.0	False	0
969	['bike']	2007-04-18 13:57:35	2007-04-18 13:57:50	151.96984865672292	10.0	-5.0	False	0
970	['bike']	2007-04-18 13:57:50	2007-04-18 13:58:05	213.29750055006303	14.0	4.0	False	0
971	['bike']	2007-04-18 13:58:05	2007-04-18 13:58:25	179.907240581446	9.0	-5.0	False	0
972	['bike']	2007-04-18 13:58:25	2007-04-18 13:58:36	102.14574331423691	9.0	0.0	False	0
973	['bike']	2007-04-18 13:58:36	2007-04-18 13:58:52	124.23437284663086	8.0	-1.0	False	0
974	['bike']	2007-04-18 13:58:52	2007-04-18 13:59:12	126.5258885803784	6.0	-2.0	False	0
975	['bike']	2007-04-18 13:59:12	2007-04-18 13:59:30	161.83433118432555	9.0	3.0	False	0
976	['bike']	2007-04-18 13:59:30	2007-04-18 13:59:43	106.23528739321516	8.0	-1.0	False	0
977	['bike']	2007-04-18 13:59:43	2007-04-18 14:00:00	204.52533115906363	12.0	4.0	False	0
978	['bike']	2007-04-18 14:00:00	2007-04-18 14:00:24	163.85060008926177	7.0	-5.0	False	0
979	['bike']	2007-04-18 14:00:24	2007-04-18 14:00:40	132.37736538917187	8.0	1.0	False	0
980	['bike']	2007-04-18 14:00:40	2007-04-18 14:00:50	171.99135723558766	17.0	9.0	False	0
981	['bike']	2007-04-18 14:00:50	2007-04-18 14:01:09	217.06881490051006	11.0	-6.0	False	0
982	['bike']	2007-04-18 14:01:09	2007-04-18 14:01:25	187.02956130298622	12.0	1.0	False	0
983	['bike']	2007-04-18 14:01:25	2007-04-18 14:01:40	150.702483958579	10.0	-2.0	False	0
984	['bike']	2007-04-18 14:01:40	2007-04-18 14:01:53	164.44184083915272	13.0	3.0	False	0
985	['bike']	2007-04-18 14:01:53	2007-04-18 14:02:12	179.01174274894385	9.0	-4.0	False	0
986	['bike']	2007-04-18 14:02:12	2007-04-18 14:02:29	129.06600689620453	8.0	-1.0	False	0
987	['bike']	2007-04-18 14:02:29	2007-04-18 14:02:48	188.6020755159117	10.0	2.0	False	0
988	['bike']	2007-04-18 14:02:48	2007-04-18 14:03:08	273.266806162025	14.0	4.0	False	0
989	['bike']	2007-04-18 14:03:08	2007-04-18 14:03:43	244.59717111290996	7.0	-7.0	False	0
990	['bike']	2007-04-18 14:03:43	2007-04-18 14:03:55	238.97031272830068	20.0	13.0	False	0
991	['bike']	2007-04-18 14:03:55	2007-04-18 14:04:21	232.3549472733987	9.0	-11.0	False	0
992	['bike']	2007-04-18 14:04:21	2007-04-18 14:04:31	109.85637543908308	11.0	2.0	False	0
993	['bike']	2007-04-18 14:04:31	2007-04-18 14:05:19	124.29665273326532	3.0	-8.0	False	0
994	['bike']	2007-04-18 14:05:19	2007-04-18 14:05:43	122.59900450442234	5.0	2.0	False	0
995	['bike']	2007-04-18 14:05:43	2007-04-18 14:05:50	119.48402853344615	17.0	12.0	False	0
996	['bike']	2007-04-18 14:05:50	2007-04-18 14:06:04	283.5781877619697	20.0	3.0	False	0
997	['bike']	2007-04-18 14:06:04	2007-04-18 14:06:37	261.344546145624	8.0	-12.0	False	0
998	['bike']	2007-04-18 14:06:37	2007-04-18 14:06:47	137.18011183422675	14.0	6.0	False	0
999	['bike']	2007-04-18 14:06:47	2007-04-18 14:06:58	302.09980635374166	27.0	13.0	False	0
1000	['bike']	2007-04-18 14:06:58	2007-04-18 14:07:34	303.93885501409727	8.0	-19.0	False	0
1001	['bike']	2007-04-18 14:07:34	2007-04-18 14:07:45	578.2188706975921	53.0	45.0	False	0
1002	['bike']	2007-04-18 14:07:45	2007-04-18 14:09:14	556.2103405479661	6.0	-47.0	False	0
1003	['bike']	2007-04-18 14:09:14	2007-04-18 14:09:25	109.78909597890541	10.0	4.0	False	0
1004	['bike']	2007-04-18 14:09:25	2007-04-18 14:09:35	168.85802297265565	17.0	7.0	False	0
1005	['bike']	2007-04-18 14:09:35	2007-04-18 14:09:51	363.23810775717675	23.0	6.0	False	0
1006	['bike']	2007-04-18 14:09:51	2007-04-18 14:10:27	366.947561422577	10.0	-13.0	False	0
1007	['bike']	2007-04-18 14:10:27	2007-04-18 14:10:46	257.61405744720827	14.0	4.0	False	0
1008	['bike']	2007-04-18 14:10:46	2007-04-18 14:11:10	222.4377313913302	9.0	-5.0	False	0
1009	['bike']	2007-04-18 14:11:10	2007-04-18 14:11:24	122.36074541540731	9.0	0.0	False	0
1010	['bike']	2007-04-18 14:11:24	2007-04-18 14:11:32	150.12428093032412	19.0	10.0	False	0
1011	['bike']	2007-04-18 14:11:32	2007-04-18 14:11:50	134.64928613442837	7.0	-12.0	False	0
1012	['bike']	2007-04-18 14:11:50	2007-04-18 14:12:04	102.82704011728262	7.0	0.0	False	0
1013	['bike']	2007-04-18 14:12:04	2007-04-18 14:12:44	101.67093801385735	3.0	-4.0	False	0
1014	['bike']	2007-04-18 14:12:44	2007-04-18 14:13:27	114.61683572806693	3.0	0.0	False	0
1015	['bike']	2007-04-18 14:13:27	2007-04-18 14:13:34	171.12496818865674	24.0	21.0	False	0
1016	['bike']	2007-04-18 14:13:34	2007-04-18 14:14:03	278.0261854904434	10.0	-14.0	False	0
1017	['bike']	2007-04-18 14:14:03	2007-04-18 14:14:26	220.54292929969202	10.0	0.0	False	0
1018	['bike']	2007-04-18 14:14:26	2007-04-18 14:14:44	131.6192443997986	7.0	-3.0	False	0
1019	['bike']	2007-04-18 14:14:44	2007-04-18 14:14:52	126.05973234962589	16.0	9.0	False	0
1020	['bike']	2007-04-18 14:14:52	2007-04-18 14:15:21	116.00179315629379	4.0	-12.0	False	0
1021	['bike']	2007-04-18 14:15:21	2007-04-18 14:15:47	196.5016374264298	8.0	4.0	False	0
1022	['bike']	2007-04-18 14:15:47	2007-04-18 14:16:19	302.149741880182	9.0	1.0	False	0
1023	['bike']	2007-04-18 14:16:19	2007-04-18 14:16:56	171.80690515410092	5.0	-4.0	False	0
1024	['walk']	2007-04-18 14:16:56	2007-04-19 00:43:09	103.25092192678704	0.0	-5.0	False	0
1025	['walk', 'bus']	2007-04-19 00:43:09	2007-04-19 00:47:50	109.15130694169974	0.0	0.0	True	0
1026	['bus']	2007-04-19 00:47:50	2007-04-19 00:48:51	229.28536405434465	4.0	4.0	False	0
1027	['bus']	2007-04-19 00:48:51	2007-04-19 00:49:43	242.08683856459285	5.0	1.0	False	0
1028	['bus']	2007-04-19 00:49:43	2007-04-19 00:50:03	159.44133219442523	8.0	3.0	False	0
1029	['bus']	2007-04-19 00:50:03	2007-04-19 00:50:53	152.8930827005432	3.0	-5.0	False	0
1030	['bus']	2007-04-19 00:50:53	2007-04-19 00:51:01	127.04227120549263	16.0	13.0	False	0
1031	['bus']	2007-04-19 00:51:01	2007-04-19 00:51:20	104.69944737401896	6.0	-10.0	False	0
1032	['bus']	2007-04-19 00:51:20	2007-04-19 00:52:39	213.77176495007137	3.0	-3.0	False	0
1033	['bus']	2007-04-19 00:52:39	2007-04-19 00:54:38	175.61456672974202	1.0	-2.0	False	0
1034	['bus']	2007-04-19 00:54:38	2007-04-19 00:55:42	179.17670650641952	3.0	2.0	False	0
1035	['bus']	2007-04-19 00:55:42	2007-04-19 00:56:15	137.86968613933334	4.0	1.0	False	0
1036	['bus']	2007-04-19 00:56:15	2007-04-19 00:57:28	154.0866053804578	2.0	-2.0	False	0
1037	['bus']	2007-04-19 00:57:28	2007-04-19 00:57:53	289.0332132329068	12.0	10.0	False	0
1038	['bus']	2007-04-19 00:57:53	2007-04-19 00:58:46	260.7797283023786	5.0	-7.0	False	0
1039	['bus']	2007-04-19 00:58:46	2007-04-19 00:59:06	101.0326471819097	5.0	0.0	False	0
1040	['bus']	2007-04-19 00:59:06	2007-04-19 00:59:40	154.087044892804	5.0	0.0	False	0
1041	['bus']	2007-04-19 00:59:40	2007-04-19 01:00:26	142.41714845050723	3.0	-2.0	False	0
1042	['bus']	2007-04-19 01:00:26	2007-04-19 01:01:04	138.1576672276723	4.0	1.0	False	0
1043	['bus']	2007-04-19 01:01:04	2007-04-19 01:01:22	159.00612019335574	9.0	5.0	False	0
1044	['bus']	2007-04-19 01:01:22	2007-04-19 01:02:04	108.53082359562804	3.0	-6.0	False	0
1045	['bus']	2007-04-19 01:02:04	2007-04-19 01:03:43	100.74409478732589	1.0	-2.0	False	0
1046	['bus', 'walk']	2007-04-19 01:03:43	2007-04-19 01:04:27	130.66725653443282	3.0	2.0	True	0
1047	['walk']	2007-04-19 01:04:27	2007-04-19 01:05:29	136.0144901440497	2.0	-1.0	False	0
1048	['walk']	2007-04-19 01:05:29	2007-04-19 01:06:02	120.63222070290672	4.0	2.0	False	0
1049	['walk', 'bus']	2007-04-19 01:06:02	2007-04-19 01:06:15	127.11562824974828	10.0	6.0	True	0
1050	['bus']	2007-04-19 01:06:15	2007-04-19 01:07:05	309.74730589584084	6.0	-4.0	False	0
1051	['bus']	2007-04-19 01:07:05	2007-04-19 01:08:21	365.1206094892924	5.0	-1.0	False	0
1052	['bus']	2007-04-19 01:08:21	2007-04-19 01:09:39	394.7669906157711	5.0	0.0	False	0
1053	['bus']	2007-04-19 01:09:39	2007-04-19 01:10:32	700.5923057131506	13.0	8.0	False	0
1054	['bus']	2007-04-19 01:10:32	2007-04-19 01:12:20	483.7866291392659	4.0	-9.0	False	0
1055	['bus']	2007-04-19 01:12:20	2007-04-19 01:12:31	170.5351403696966	16.0	12.0	False	0
1056	['bus']	2007-04-19 01:12:31	2007-04-19 01:12:52	1193.5295302084064	57.0	41.0	False	0
1057	['bus']	2007-04-19 01:12:52	2007-04-19 01:14:27	1114.4395408157125	12.0	-45.0	False	0
1058	['bus']	2007-04-19 01:14:27	2007-04-19 01:14:39	154.47694915569247	13.0	1.0	False	0
1059	['bus']	2007-04-19 01:14:39	2007-04-19 01:14:55	489.30436276296695	31.0	18.0	False	0
1060	['bus']	2007-04-19 01:14:55	2007-04-19 01:15:48	1610.6316484076226	30.0	-1.0	False	0
1061	['bus']	2007-04-19 01:15:48	2007-04-19 01:18:26	1440.1318454900795	9.0	-21.0	False	0
1062	['bus']	2007-04-19 01:18:26	2007-04-19 01:19:08	685.719496892626	16.0	7.0	False	0
1063	['bus']	2007-04-19 01:19:08	2007-04-19 01:20:16	680.1667154494064	10.0	-6.0	False	0
1064	['bus']	2007-04-19 01:20:16	2007-04-19 01:20:41	226.146302507546	9.0	-1.0	False	0
1065	['bus']	2007-04-19 01:20:41	2007-04-19 01:21:27	657.9901036122257	14.0	5.0	False	0
1066	['bus']	2007-04-19 01:21:27	2007-04-19 01:23:42	1010.0961609791697	7.0	-7.0	False	0
1067	['bus']	2007-04-19 01:23:42	2007-04-19 01:24:52	843.2864865467295	12.0	5.0	False	0
1068	['bus']	2007-04-19 01:24:52	2007-04-19 01:26:04	854.3742027813048	12.0	0.0	False	0
1069	['bus']	2007-04-19 01:26:04	2007-04-19 01:26:39	737.64136929447	21.0	9.0	False	0
1070	['bus']	2007-04-19 01:26:39	2007-04-19 01:27:56	585.0742470198719	8.0	-13.0	False	0
1071	['bus']	2007-04-19 01:27:56	2007-04-19 01:28:18	414.0612960400225	19.0	11.0	False	0
1072	['bus']	2007-04-19 01:28:18	2007-04-19 01:29:16	186.69186630423894	3.0	-16.0	False	0
1073	['bus']	2007-04-19 01:29:16	2007-04-19 01:30:12	113.03484034355401	2.0	-1.0	False	0
1074	['bus']	2007-04-19 01:30:12	2007-04-19 01:30:31	124.54645633875151	7.0	5.0	False	0
1075	['bus']	2007-04-19 01:30:31	2007-04-19 01:31:49	513.6183357644535	7.0	0.0	False	0
1076	['bus']	2007-04-19 01:31:49	2007-04-19 01:32:27	489.3193890965934	13.0	6.0	False	0
1077	['bus']	2007-04-19 01:32:27	2007-04-19 01:32:55	326.235769607879	12.0	-1.0	False	0
1078	['bus']	2007-04-19 01:32:55	2007-04-19 01:34:10	365.17011732657517	5.0	-7.0	False	0
1079	['walk']	2007-04-19 01:34:10	2007-04-19 01:35:47	179.84494052639255	2.0	-3.0	False	0
1080	['walk']	2007-04-19 01:35:47	2007-04-19 01:37:21	101.07897295236478	1.0	-1.0	False	0
1081	['walk']	2007-04-19 01:37:21	2007-04-19 01:38:32	197.4656113082686	3.0	2.0	False	0
1082	['walk']	2007-04-19 01:38:32	2007-04-19 01:38:45	252.0310934238887	19.0	16.0	False	0
1083	['walk']	2007-04-19 01:38:45	2007-04-19 01:39:34	112.36032591482949	2.0	-17.0	False	0
1084	['walk']	2007-04-19 01:39:34	2007-04-19 01:41:01	132.868916204578	2.0	0.0	False	0
1085	['walk']	2007-04-19 01:41:01	2007-04-19 01:41:46	242.83640999904156	5.0	3.0	False	0
1086	['walk']	2007-04-19 01:41:46	2007-04-19 01:43:11	192.7890946111912	2.0	-3.0	False	0
1087	['walk']	2007-04-19 01:43:11	2007-04-19 01:43:26	146.409502766145	10.0	8.0	False	0
1088	['walk']	2007-04-19 01:43:26	2007-04-19 01:44:29	304.32493266465957	5.0	-5.0	False	0
1089	['walk']	2007-04-19 01:44:29	2007-04-19 01:45:14	274.2059338672601	6.0	1.0	False	0
1090	['walk']	2007-04-19 01:45:14	2007-04-19 01:45:21	107.89716272592095	15.0	9.0	False	0
1091	['walk']	2007-04-19 01:45:21	2007-04-19 01:45:54	103.13936223205701	3.0	-12.0	False	0
1092	['walk']	2007-04-19 01:45:54	2007-04-19 01:46:35	109.54395358776202	3.0	0.0	False	0
1093	['walk']	2007-04-19 01:46:35	2007-04-19 01:46:57	109.46569264678432	5.0	2.0	False	0
1094	['bus']	2007-04-19 01:46:57	2007-04-19 01:47:38	7409.794637042221	181.0	176.0	False	0
