	transMode	startDate	endDate	distance	speed	acceleration	hasChangepoint	hasStopPoint
2038	['bike']	2007-06-09 06:14:14	2007-06-09 06:14:14	307.48403319379383	0.0	0.0	False	0
2039	['bike']	2007-06-09 06:14:14	2007-06-09 06:15:16	575.6955509529301	9.0	9.0	False	0
2040	['bike']	2007-06-09 06:15:16	2007-06-09 06:16:04	480.3421633486912	10.0	1.0	False	0
2041	['bike']	2007-06-09 06:16:04	2007-06-09 06:16:29	852.1361108072243	34.0	24.0	False	0
2042	['bike']	2007-06-09 06:16:29	2007-06-09 06:17:40	1252.3262097746729	18.0	-16.0	False	0
2043	['bike']	2007-06-09 06:17:40	2007-06-09 06:18:53	791.657042202048	11.0	-7.0	False	0
2044	['bike']	2007-06-09 06:18:53	2007-06-09 06:19:14	268.22417784574674	13.0	2.0	False	0
2045	['bike']	2007-06-09 06:19:14	2007-06-09 06:19:25	249.18852851947617	23.0	10.0	False	0
2046	['bike']	2007-06-09 06:19:25	2007-06-09 06:19:47	280.31301797423777	13.0	-10.0	False	0
2047	['bike']	2007-06-09 06:19:47	2007-06-09 06:20:05	188.09444553278001	10.0	-3.0	False	0
2048	['bike']	2007-06-09 06:20:05	2007-06-09 06:20:15	129.51431305945917	13.0	3.0	False	0
2049	['bike']	2007-06-09 06:20:15	2007-06-09 06:20:24	378.68863859482724	42.0	29.0	False	0
2050	['bike']	2007-06-09 06:20:24	2007-06-09 06:21:13	679.3550489555159	14.0	-28.0	False	0
2051	['bike']	2007-06-09 06:21:13	2007-06-09 06:21:52	494.868682881145	13.0	-1.0	False	0
2052	['bike']	2007-06-09 06:21:52	2007-06-09 06:22:06	204.5935926152433	15.0	2.0	False	0
2053	['bike']	2007-06-09 06:22:06	2007-06-09 06:22:17	129.07197893019494	12.0	-3.0	False	0
2054	['bike']	2007-06-09 06:22:17	2007-06-09 06:22:26	132.78486105346673	15.0	3.0	False	0
2055	['bike']	2007-06-09 06:22:26	2007-06-09 06:22:35	142.37501773604362	16.0	1.0	False	0
2056	['bike']	2007-06-09 06:22:35	2007-06-09 06:22:43	157.66207782070785	20.0	4.0	False	0
2057	['bike']	2007-06-09 06:22:43	2007-06-09 06:22:54	360.77989198483937	33.0	13.0	False	0
2058	['bike']	2007-06-09 06:22:54	2007-06-09 06:23:25	329.8057948831789	11.0	-22.0	False	0
2059	['bike']	2007-06-09 06:23:25	2007-06-09 06:23:32	151.28255258484705	22.0	11.0	False	0
2060	['bike']	2007-06-09 06:23:32	2007-06-09 06:23:47	133.87445526486704	9.0	-13.0	False	0
2061	['bike']	2007-06-09 06:23:47	2007-06-09 06:23:55	111.54513494234527	14.0	5.0	False	0
2062	['bike']	2007-06-09 06:23:55	2007-06-09 06:24:11	205.51187933421653	13.0	-1.0	False	0
2063	['bike']	2007-06-09 06:24:11	2007-06-09 06:24:40	184.7051552353217	6.0	-7.0	False	0
2064	['bike']	2007-06-09 06:24:40	2007-06-09 06:24:49	134.8710470591505	15.0	9.0	False	0
2065	['bike']	2007-06-09 06:24:49	2007-06-09 06:25:07	290.6000066836672	16.0	1.0	False	0
2066	['bike']	2007-06-09 06:25:07	2007-06-09 06:25:35	251.3130233478304	9.0	-7.0	False	0
2067	['bike']	2007-06-09 06:25:35	2007-06-09 06:25:55	124.24365573962633	6.0	-3.0	False	0
2068	['bike']	2007-06-09 06:25:55	2007-06-09 06:26:01	206.17942931712258	34.0	28.0	False	0
2069	['bike']	2007-06-09 06:26:01	2007-06-09 06:26:15	333.54885421604433	24.0	-10.0	False	0
2070	['bike']	2007-06-09 06:26:15	2007-06-09 06:26:36	240.60306742448768	11.0	-13.0	False	0
2071	['bike']	2007-06-09 06:26:36	2007-06-09 06:26:44	102.87309681561284	13.0	2.0	False	0
2072	['bike']	2007-06-09 06:26:44	2007-06-09 06:27:06	101.91074739914848	5.0	-8.0	False	0
2073	['bike']	2007-06-09 06:27:06	2007-06-09 06:27:26	192.33697258890447	10.0	5.0	False	0
2074	['bike']	2007-06-09 06:27:26	2007-06-09 06:27:38	165.60724764271765	14.0	4.0	False	0
2075	['bike']	2007-06-09 06:27:38	2007-06-09 06:27:52	123.42535526646817	9.0	-5.0	False	0
2076	['bike']	2007-06-09 06:27:52	2007-06-09 06:28:15	123.81753615005756	5.0	-4.0	False	0
2077	['bike']	2007-06-09 06:28:15	2007-06-09 06:28:33	148.12231814735276	8.0	3.0	False	0
2078	['bike']	2007-06-09 06:28:33	2007-06-09 06:28:45	195.55762858400294	16.0	8.0	False	0
2079	['bike']	2007-06-09 06:28:45	2007-06-09 06:28:57	238.25964513625024	20.0	4.0	False	0
2080	['bike']	2007-06-09 06:28:57	2007-06-09 06:29:10	279.67185156348495	22.0	2.0	False	0
2081	['bike']	2007-06-09 06:29:10	2007-06-09 06:29:28	366.6505138909827	20.0	-2.0	False	0
2082	['bike']	2007-06-09 06:29:28	2007-06-09 06:29:50	306.0081177391825	14.0	-6.0	False	0
2083	['bike']	2007-06-09 06:29:50	2007-06-09 06:30:00	178.79939191882968	18.0	4.0	False	0
2084	['bike']	2007-06-09 06:30:00	2007-06-09 06:30:09	208.23809961540883	23.0	5.0	False	0
2085	['bike']	2007-06-09 06:30:09	2007-06-09 06:30:21	167.43648975344607	14.0	-9.0	False	0
2086	['bike']	2007-06-09 06:30:21	2007-06-09 06:30:34	122.25716212822019	9.0	-5.0	False	0
2087	['bike']	2007-06-09 06:30:34	2007-06-09 06:30:50	103.72435379590468	6.0	-3.0	False	0
2088	['bike']	2007-06-09 06:30:50	2007-06-09 06:31:17	209.54925575659433	8.0	2.0	False	0
2089	['bike']	2007-06-09 06:31:17	2007-06-09 06:31:36	203.3924338482302	11.0	3.0	False	0
2090	['bike']	2007-06-09 06:31:36	2007-06-09 06:31:49	123.17432357038217	9.0	-2.0	False	0
2091	['bike']	2007-06-09 06:31:49	2007-06-09 06:31:56	150.7823810841826	22.0	13.0	False	0
2092	['bike']	2007-06-09 06:31:56	2007-06-09 06:32:17	136.34641719363407	6.0	-16.0	False	0
2093	['bike']	2007-06-09 06:32:17	2007-06-09 06:32:40	131.81109153757134	6.0	0.0	False	0
2094	['bike']	2007-06-09 06:32:40	2007-06-09 06:33:00	185.6148078304035	9.0	3.0	False	0
2095	['bike']	2007-06-09 06:33:00	2007-06-09 06:33:22	174.33312764948175	8.0	-1.0	False	0
2096	['bike']	2007-06-09 06:33:22	2007-06-09 06:33:32	209.33203229528203	21.0	13.0	False	0
2097	['car']	2007-06-09 06:33:32	2007-06-09 06:33:50	86979.75084939711	4832.0	4811.0	False	0
