	transMode	startDate	endDate	distance	speed	acceleration	hasChangepoint	hasStopPoint
9836	['car']	2008-05-16 10:31:03	2008-05-16 10:31:24	101.96762807313566	5.0	-16.0	False	0
9837	['car']	2008-05-16 10:31:24	2008-05-16 10:32:11	104.40844117553952	2.0	-3.0	False	0
9838	['car']	2008-05-16 10:32:11	2008-05-16 10:32:28	100.32736092172486	6.0	4.0	False	0
9839	['car']	2008-05-16 10:32:28	2008-05-16 10:33:19	106.98459759412722	2.0	-4.0	False	1
9840	['car']	2008-05-16 10:33:19	2008-05-16 10:33:41	100.92281445874457	5.0	3.0	False	0
9841	['car']	2008-05-16 10:33:41	2008-05-16 10:34:03	103.60598085370934	5.0	0.0	False	0
9842	['car']	2008-05-16 10:34:03	2008-05-16 10:35:10	100.03574737703835	1.0	-4.0	False	1
9843	['car']	2008-05-16 10:35:10	2008-05-16 10:36:40	101.1088380056264	1.0	0.0	False	1
9844	['car']	2008-05-16 10:36:40	2008-05-16 10:41:00	100.45278207321275	0.0	-1.0	False	2
9845	['car']	2008-05-16 10:41:00	2008-05-16 10:43:14	101.84123388676132	1.0	1.0	False	1
9846	['car']	2008-05-16 10:43:14	2008-05-16 10:43:28	101.53376835901175	7.0	6.0	False	0
9847	['car']	2008-05-16 10:43:28	2008-05-16 10:43:52	100.89208948694358	4.0	-3.0	False	0
9848	['car']	2008-05-16 10:43:52	2008-05-16 10:44:14	102.08448191512116	5.0	1.0	False	0
9849	['car']	2008-05-16 10:44:14	2008-05-16 10:44:43	103.69381369242274	4.0	-1.0	False	0
9850	['car']	2008-05-16 10:44:43	2008-05-16 10:45:26	100.5870424828462	2.0	-2.0	False	0
9851	['car']	2008-05-16 10:45:26	2008-05-16 10:45:45	103.2069455550831	5.0	3.0	False	0
9852	['car']	2008-05-16 10:45:45	2008-05-16 10:46:01	102.07755293130137	6.0	1.0	False	0
9853	['car']	2008-05-16 10:46:01	2008-05-16 10:46:54	105.96722188721941	2.0	-4.0	False	0
9854	['car']	2008-05-16 10:46:54	2008-05-16 10:47:05	106.28565996189073	10.0	8.0	False	0
9855	['car']	2008-05-16 10:47:05	2008-05-16 10:47:12	102.28825360455232	15.0	5.0	False	0
9856	['car']	2008-05-16 10:47:12	2008-05-16 10:47:18	111.32577729282139	19.0	4.0	False	0
9857	['car']	2008-05-16 10:47:18	2008-05-16 10:47:23	111.42397452747048	22.0	3.0	False	0
9858	['car']	2008-05-16 10:47:23	2008-05-16 10:47:28	116.08953796570992	23.0	1.0	False	0
9859	['car']	2008-05-16 10:47:28	2008-05-16 10:47:33	114.59559772423117	23.0	0.0	False	0
9860	['car']	2008-05-16 10:47:33	2008-05-16 10:47:38	109.74294393266337	22.0	-1.0	False	0
9861	['car']	2008-05-16 10:47:38	2008-05-16 10:47:44	103.43786119416417	17.0	-5.0	False	0
9862	['car']	2008-05-16 10:47:44	2008-05-16 10:47:54	100.993198368597	10.0	-7.0	False	0
9863	['car']	2008-05-16 10:47:54	2008-05-16 10:48:05	104.3560947911878	9.0	-1.0	False	0
9864	['car']	2008-05-16 10:48:05	2008-05-16 10:48:16	107.25789490760343	10.0	1.0	False	0
9865	['car']	2008-05-16 10:48:16	2008-05-16 10:48:26	103.77933038903136	10.0	0.0	False	0
9866	['car']	2008-05-16 10:48:26	2008-05-16 10:48:36	103.42184980341479	10.0	0.0	False	0
9867	['car']	2008-05-16 10:48:36	2008-05-16 10:48:43	102.1722394736083	15.0	5.0	False	0
9868	['car']	2008-05-16 10:48:43	2008-05-16 10:48:50	102.76066820677906	15.0	0.0	False	0
9869	['car']	2008-05-16 10:48:50	2008-05-16 10:49:38	101.02833752261407	2.0	-13.0	False	1
9870	['car']	2008-05-16 10:49:38	2008-05-16 10:51:53	100.660396862433	1.0	-1.0	False	1
9871	['car']	2008-05-16 10:51:53	2008-05-16 10:52:37	100.57024421215651	2.0	1.0	False	0
9872	['car']	2008-05-16 10:52:37	2008-05-16 10:54:06	100.07478648482582	1.0	-1.0	False	1
9873	['car']	2008-05-16 10:54:06	2008-05-16 10:54:28	100.93345224583511	5.0	4.0	False	0
9874	['car']	2008-05-16 10:54:28	2008-05-16 10:54:51	102.1889786895481	4.0	-1.0	False	0
9875	['car']	2008-05-16 10:54:51	2008-05-16 10:55:30	100.03184237216253	3.0	-1.0	False	1
9876	['car']	2008-05-16 10:55:30	2008-05-16 10:55:37	104.45191888244342	15.0	12.0	False	0
9877	['car']	2008-05-16 10:55:37	2008-05-16 10:55:42	113.6075879227871	23.0	8.0	False	0
9878	['car']	2008-05-16 10:55:42	2008-05-16 10:55:46	113.24450951687886	28.0	5.0	False	0
9879	['car']	2008-05-16 10:55:46	2008-05-16 10:55:50	124.91731068020327	31.0	3.0	False	0
9880	['car']	2008-05-16 10:55:50	2008-05-16 10:55:53	106.5684658949823	36.0	5.0	False	0
9881	['car']	2008-05-16 10:55:53	2008-05-16 10:55:56	108.24645993555647	36.0	0.0	False	0
9882	['car']	2008-05-16 10:55:56	2008-05-16 10:55:59	102.49005440345228	34.0	-2.0	False	0
9883	['car']	2008-05-16 10:55:59	2008-05-16 10:56:03	118.24448691444749	30.0	-4.0	False	0
9884	['car']	2008-05-16 10:56:03	2008-05-16 10:56:07	101.59956811840479	25.0	-5.0	False	0
9885	['car']	2008-05-16 10:56:07	2008-05-16 10:56:51	103.43832949282152	2.0	-23.0	False	1
9886	['car']	2008-05-16 10:56:51	2008-05-16 10:57:00	101.58495551640726	11.0	9.0	False	0
9887	['car']	2008-05-16 10:57:00	2008-05-16 10:57:06	117.69363725380612	20.0	9.0	False	0
9888	['car']	2008-05-16 10:57:06	2008-05-16 10:57:11	119.5475848532491	24.0	4.0	False	0
9889	['car']	2008-05-16 10:57:11	2008-05-16 10:57:15	114.71445538836748	29.0	5.0	False	0
9890	['car']	2008-05-16 10:57:15	2008-05-16 10:57:19	108.79614212640726	27.0	-2.0	False	0
9891	['car']	2008-05-16 10:57:19	2008-05-16 10:57:23	104.33940916813648	26.0	-1.0	False	0
9892	['car']	2008-05-16 10:57:23	2008-05-16 10:57:27	104.1474248516114	26.0	0.0	False	0
9893	['car']	2008-05-16 10:57:27	2008-05-16 10:57:33	105.63234391634208	18.0	-8.0	False	0
9894	['car']	2008-05-16 10:57:33	2008-05-16 10:58:03	108.46071586116149	4.0	-14.0	False	0
9895	['car']	2008-05-16 10:58:03	2008-05-16 10:58:13	108.80052960728804	11.0	7.0	False	0
9896	['car']	2008-05-16 10:58:13	2008-05-16 10:58:20	111.60359811778235	16.0	5.0	False	0
9897	['car']	2008-05-16 10:58:20	2008-05-16 10:58:28	110.70355320931807	14.0	-2.0	False	0
9898	['car']	2008-05-16 10:58:28	2008-05-16 10:58:36	111.3888690448832	14.0	0.0	False	0
9899	['car']	2008-05-16 10:58:36	2008-05-16 10:59:25	106.56904529528123	2.0	-12.0	False	1
9900	['car']	2008-05-16 10:59:25	2008-05-16 10:59:33	105.46086452771938	13.0	11.0	False	0
9901	['car']	2008-05-16 10:59:33	2008-05-16 10:59:39	113.78781832869919	19.0	6.0	False	0
9902	['car']	2008-05-16 10:59:39	2008-05-16 10:59:45	109.89572782343951	18.0	-1.0	False	0
9903	['car']	2008-05-16 10:59:45	2008-05-16 10:59:51	112.523846856243	19.0	1.0	False	0
9904	['car']	2008-05-16 10:59:51	2008-05-16 10:59:56	108.62152865292327	22.0	3.0	False	0
9905	['car']	2008-05-16 10:59:56	2008-05-16 11:00:01	110.27852296446594	22.0	0.0	False	0
9906	['car']	2008-05-16 11:00:01	2008-05-16 11:00:07	109.5201881234342	18.0	-4.0	False	0
9907	['car']	2008-05-16 11:00:07	2008-05-16 11:00:14	105.44711792554575	15.0	-3.0	False	0
9908	['car']	2008-05-16 11:00:14	2008-05-16 11:00:21	104.34284216614725	15.0	0.0	False	0
9909	['car']	2008-05-16 11:00:21	2008-05-16 11:00:30	107.6831072741309	12.0	-3.0	False	0
9910	['car']	2008-05-16 11:00:30	2008-05-16 11:00:43	108.30768952751214	8.0	-4.0	False	0
9911	['car']	2008-05-16 11:00:43	2008-05-16 11:00:51	102.5192779069431	13.0	5.0	False	0
9912	['car']	2008-05-16 11:00:51	2008-05-16 11:00:58	102.70743656495628	15.0	2.0	False	0
9913	['car']	2008-05-16 11:00:58	2008-05-16 11:01:07	101.94810646052576	11.0	-4.0	False	0
9914	['car']	2008-05-16 11:01:07	2008-05-16 11:01:34	100.14072585928291	4.0	-7.0	False	0
9915	['car']	2008-05-16 11:01:34	2008-05-16 11:01:55	107.26100040921251	5.0	1.0	False	0
9916	['car']	2008-05-16 11:01:55	2008-05-16 11:02:04	108.01738524708537	12.0	7.0	False	0
9917	['car']	2008-05-16 11:02:04	2008-05-16 11:02:11	100.09011941394708	14.0	2.0	False	0
9918	['car']	2008-05-16 11:02:11	2008-05-16 11:02:19	109.34433075350806	14.0	0.0	False	0
9919	['car']	2008-05-16 11:02:19	2008-05-16 11:02:31	101.03402506771046	8.0	-6.0	False	0
9920	['car']	2008-05-16 11:02:31	2008-05-16 11:03:36	103.73541501629977	2.0	-6.0	False	1
9921	['car']	2008-05-16 11:03:36	2008-05-16 11:03:52	104.16083346974008	7.0	5.0	False	0
9922	['car']	2008-05-16 11:03:52	2008-05-16 11:04:07	106.5206220753963	7.0	0.0	False	0
9923	['car']	2008-05-16 11:04:07	2008-05-16 11:04:24	103.08852726004399	6.0	-1.0	False	0
9924	['car']	2008-05-16 11:04:24	2008-05-16 11:05:08	101.57190743661933	2.0	-4.0	False	1
9925	['car']	2008-05-16 11:05:08	2008-05-16 11:05:34	101.11181825742605	4.0	2.0	False	0
9926	['car']	2008-05-16 11:05:34	2008-05-16 11:05:57	101.09168257763552	4.0	0.0	False	0
9927	['car']	2008-05-16 11:05:57	2008-05-16 11:10:32	100.45801623635997	0.0	-4.0	False	3
9928	['car']	2008-05-16 11:10:32	2008-05-16 11:11:01	103.44776087390784	4.0	4.0	False	0
9929	['car']	2008-05-16 11:11:01	2008-05-16 11:11:10	109.53328100314519	12.0	8.0	False	0
9930	['car']	2008-05-16 11:11:10	2008-05-16 11:11:16	101.37931673424485	17.0	5.0	False	0
9931	['car']	2008-05-16 11:11:16	2008-05-16 11:11:22	113.05270178995491	19.0	2.0	False	0
9932	['car']	2008-05-16 11:11:22	2008-05-16 11:11:28	106.93730041794876	18.0	-1.0	False	0
9933	['car']	2008-05-16 11:11:28	2008-05-16 11:11:34	102.48882751233077	17.0	-1.0	False	0
9934	['car']	2008-05-16 11:11:34	2008-05-16 11:12:20	100.79339699650816	2.0	-15.0	False	0
9935	['car']	2008-05-16 11:12:20	2008-05-16 11:22:12	107.74319925688376	0.0	-2.0	False	0
9936	['car']	2008-05-16 11:22:12	2008-05-16 11:22:22	104.47144614130411	10.0	10.0	False	0
9937	['car']	2008-05-16 11:22:22	2008-05-16 11:24:36	100.66531508034501	1.0	-9.0	False	1
9938	['car']	2008-05-16 11:24:36	2008-05-16 11:24:53	105.1162211042908	6.0	5.0	False	0
9939	['car']	2008-05-16 11:24:53	2008-05-16 11:25:14	101.75478018426374	5.0	-1.0	False	0
9940	['car']	2008-05-16 11:25:14	2008-05-16 11:25:52	101.1243676814058	3.0	-2.0	False	0
9941	['car']	2008-05-16 11:25:52	2008-05-16 11:25:56	6036.685214846911	1509.0	1506.0	False	0
