	transMode	startDate	endDate	distance	speed	acceleration	hasChangepoint	hasStopPoint
91550	['car']	2009-03-29 02:51:54	2009-03-29 02:52:14	107.41094676893707	5.0	3.0	False	0
91551	['car']	2009-03-29 02:52:14	2009-03-29 02:52:30	166.6343962006934	10.0	5.0	False	0
91552	['car']	2009-03-29 02:52:30	2009-03-29 02:52:36	173.0159435602219	29.0	19.0	False	0
91553	['car']	2009-03-29 02:52:36	2009-03-29 02:52:43	208.23645450022104	30.0	1.0	False	0
91554	['car']	2009-03-29 02:52:43	2009-03-29 02:52:49	213.91642829868806	36.0	6.0	False	0
91555	['car']	2009-03-29 02:52:49	2009-03-29 02:52:55	230.20455209079142	38.0	2.0	False	0
91556	['car']	2009-03-29 02:52:55	2009-03-29 02:53:01	261.63844930130995	44.0	6.0	False	0
91557	['car']	2009-03-29 02:53:01	2009-03-29 02:53:07	273.8829784058129	46.0	2.0	False	0
91558	['car']	2009-03-29 02:53:07	2009-03-29 02:53:13	253.32613738682832	42.0	-4.0	False	0
91559	['car']	2009-03-29 02:53:13	2009-03-29 02:53:19	236.6757904229163	39.0	-3.0	False	0
91560	['car']	2009-03-29 02:53:19	2009-03-29 02:53:25	235.83149865212016	39.0	0.0	False	0
91561	['car']	2009-03-29 02:53:25	2009-03-29 02:53:31	254.3769029956409	42.0	3.0	False	0
91562	['car']	2009-03-29 02:53:31	2009-03-29 02:53:37	284.2724108927589	47.0	5.0	False	0
91563	['car']	2009-03-29 02:53:37	2009-03-29 02:53:43	286.86991649846277	48.0	1.0	False	0
91564	['car']	2009-03-29 02:53:43	2009-03-29 02:53:49	275.0124340573101	46.0	-2.0	False	0
91565	['car']	2009-03-29 02:53:49	2009-03-29 02:53:55	265.7607726910004	44.0	-2.0	False	0
91566	['car']	2009-03-29 02:53:55	2009-03-29 02:54:01	261.27140777095525	44.0	0.0	False	0
91567	['car']	2009-03-29 02:54:01	2009-03-29 02:54:07	261.8269098085884	44.0	0.0	False	0
91568	['car']	2009-03-29 02:54:07	2009-03-29 02:54:13	248.16474728034035	41.0	-3.0	False	0
91569	['car']	2009-03-29 02:54:13	2009-03-29 02:54:19	214.7736972549078	36.0	-5.0	False	0
91570	['car']	2009-03-29 02:54:19	2009-03-29 02:54:25	210.4740834713772	35.0	-1.0	False	0
91571	['car']	2009-03-29 02:54:25	2009-03-29 02:54:31	230.3172363083244	38.0	3.0	False	0
91572	['car']	2009-03-29 02:54:31	2009-03-29 02:54:37	195.86636395541126	33.0	-5.0	False	0
91573	['car']	2009-03-29 02:54:37	2009-03-29 02:54:43	175.09158930887696	29.0	-4.0	False	0
91574	['car']	2009-03-29 02:54:43	2009-03-29 02:54:49	230.36593365210402	38.0	9.0	False	0
91575	['car']	2009-03-29 02:54:49	2009-03-29 02:54:55	268.77953878648395	45.0	7.0	False	0
91576	['car']	2009-03-29 02:54:55	2009-03-29 02:55:01	257.21587826131855	43.0	-2.0	False	0
91577	['car']	2009-03-29 02:55:01	2009-03-29 02:55:07	256.3991646497833	43.0	0.0	False	0
91578	['car']	2009-03-29 02:55:07	2009-03-29 02:55:13	272.886067089261	45.0	2.0	False	0
91579	['car']	2009-03-29 02:55:13	2009-03-29 02:55:19	269.48449906624376	45.0	0.0	False	0
91580	['car']	2009-03-29 02:55:19	2009-03-29 02:55:25	184.93930857679223	31.0	-14.0	False	0
91581	['car']	2009-03-29 02:55:25	2009-03-29 02:55:39	120.93686849452126	9.0	-22.0	False	0
91582	['car']	2009-03-29 02:55:39	2009-03-29 02:55:51	131.12295456489653	11.0	2.0	False	0
91583	['car']	2009-03-29 02:55:51	2009-03-29 02:55:57	100.46305257104163	17.0	6.0	False	0
91584	['car']	2009-03-29 02:55:57	2009-03-29 02:56:03	108.46719318542637	18.0	1.0	False	0
91585	['car']	2009-03-29 02:56:03	2009-03-29 02:56:09	120.55369182650219	20.0	2.0	False	0
91586	['car']	2009-03-29 02:56:09	2009-03-29 02:56:15	126.53936055200276	21.0	1.0	False	0
91587	['car']	2009-03-29 02:56:15	2009-03-29 02:56:21	129.47823542720275	22.0	1.0	False	0
91588	['car']	2009-03-29 02:56:21	2009-03-29 02:56:27	168.02580976040406	28.0	6.0	False	0
91589	['car']	2009-03-29 02:56:27	2009-03-29 02:56:37	151.9386315840644	15.0	-13.0	False	0
91590	['car']	2009-03-29 02:56:37	2009-03-29 02:56:57	107.3630667564952	5.0	-10.0	False	0
91591	['car']	2009-03-29 02:56:57	2009-03-29 02:57:19	113.62498909951046	5.0	0.0	False	0
91592	['car']	2009-03-29 02:57:19	2009-03-29 02:57:23	105.41253129982631	26.0	21.0	False	0
91593	['car']	2009-03-29 02:57:23	2009-03-29 02:57:29	160.49879535272115	27.0	1.0	False	0
91594	['car']	2009-03-29 02:57:29	2009-03-29 02:57:35	179.86547346692515	30.0	3.0	False	0
91595	['car']	2009-03-29 02:57:35	2009-03-29 02:57:41	187.83387818601568	31.0	1.0	False	0
91596	['car']	2009-03-29 02:57:41	2009-03-29 02:57:47	185.32063635282424	31.0	0.0	False	0
91597	['car']	2009-03-29 02:57:47	2009-03-29 02:57:53	165.09311721427443	28.0	-3.0	False	0
91598	['car']	2009-03-29 02:57:53	2009-03-29 02:57:59	112.7882037640392	19.0	-9.0	False	0
91599	['car']	2009-03-29 02:57:59	2009-03-29 02:58:39	104.18361581020343	3.0	-16.0	False	1
91600	['car']	2009-03-29 02:58:39	2009-03-29 03:00:37	100.22314620602036	1.0	-2.0	False	2
91601	['car']	2009-03-29 03:00:37	2009-03-29 03:00:43	155.4058922582977	26.0	25.0	False	0
91602	['car']	2009-03-29 03:00:43	2009-03-29 03:00:47	329.8650387757499	82.0	56.0	False	0
91603	['car']	2009-03-29 03:00:47	2009-03-29 03:10:55	206.9875501104757	0.0	-82.0	False	0
91604	['car']	2009-03-29 03:10:55	2009-03-29 03:11:34	101.65556135222141	3.0	3.0	False	0
91605	['car']	2009-03-29 03:11:34	2009-03-29 03:12:36	100.66928968764704	2.0	-1.0	False	0
91606	['car']	2009-03-29 03:12:36	2009-03-29 03:14:16	100.52072358918899	1.0	-1.0	False	0
91607	['car']	2009-03-29 03:14:16	2009-03-29 03:15:34	100.91048129370297	1.0	0.0	False	0
91608	['car']	2009-03-29 03:15:34	2009-03-29 03:16:56	101.54817532909809	1.0	0.0	False	0
91609	['car']	2009-03-29 03:16:56	2009-03-29 03:18:06	100.1800549988463	1.0	0.0	False	0
91610	['car']	2009-03-29 03:18:06	2009-03-29 03:19:10	102.9314417468508	2.0	1.0	False	0
91611	['car']	2009-03-29 03:19:10	2009-03-29 03:20:49	109.138629180617	1.0	-1.0	False	0
91612	['car']	2009-03-29 03:20:49	2009-03-29 03:21:32	136.31264792311217	3.0	2.0	False	0
91613	['car']	2009-03-29 03:21:32	2009-03-29 03:21:44	124.44638797384376	10.0	7.0	False	0
91614	['car']	2009-03-29 03:21:44	2009-03-29 03:21:56	151.21344248349018	13.0	3.0	False	0
91615	['car']	2009-03-29 03:21:56	2009-03-29 03:22:02	108.2866087380998	18.0	5.0	False	0
91616	['car']	2009-03-29 03:22:02	2009-03-29 03:22:08	108.35694841044554	18.0	0.0	False	0
91617	['car']	2009-03-29 03:22:08	2009-03-29 03:22:14	112.31277203535956	19.0	1.0	False	0
91618	['car']	2009-03-29 03:22:14	2009-03-29 03:22:20	113.51909542735144	19.0	0.0	False	0
91619	['car']	2009-03-29 03:22:20	2009-03-29 03:22:36	101.64854468275837	6.0	-13.0	False	0
91620	['car']	2009-03-29 03:22:36	2009-03-29 03:23:12	152.23771631893658	4.0	-2.0	False	0
91621	['car']	2009-03-29 03:23:12	2009-03-29 03:23:16	156.19645009123735	39.0	35.0	False	0
91622	['car']	2009-03-29 03:23:16	2009-03-29 03:23:22	234.8469432775059	39.0	0.0	False	0
91623	['car']	2009-03-29 03:23:22	2009-03-29 03:23:28	282.3727474813859	47.0	8.0	False	0
91624	['car']	2009-03-29 03:23:28	2009-03-29 03:23:34	322.2733898247858	54.0	7.0	False	0
91625	['car']	2009-03-29 03:23:34	2009-03-29 03:23:40	332.08076207273825	55.0	1.0	False	0
91626	['car']	2009-03-29 03:23:40	2009-03-29 03:23:46	296.2940473654876	49.0	-6.0	False	0
91627	['car']	2009-03-29 03:23:46	2009-03-29 03:23:52	196.6759394627199	33.0	-16.0	False	0
91628	['car']	2009-03-29 03:23:52	2009-03-29 03:24:06	100.64579026257248	7.0	-26.0	False	0
91629	['car']	2009-03-29 03:24:06	2009-03-29 03:24:36	101.69863033836356	3.0	-4.0	False	0
91630	['car']	2009-03-29 03:24:36	2009-03-29 03:25:00	119.71593364919984	5.0	2.0	False	0
91631	['car']	2009-03-29 03:25:00	2009-03-29 03:25:18	110.80219913774117	6.0	1.0	False	0
91632	['car']	2009-03-29 03:25:18	2009-03-29 03:25:30	116.21923685322773	10.0	4.0	False	0
91633	['car']	2009-03-29 03:25:30	2009-03-29 03:25:36	109.52318182784373	18.0	8.0	False	0
91634	['car']	2009-03-29 03:25:36	2009-03-29 03:25:48	128.24184250150876	11.0	-7.0	False	0
91635	['car']	2009-03-29 03:25:48	2009-03-29 03:26:18	110.6214661329638	4.0	-7.0	False	0
91636	['car']	2009-03-29 03:26:18	2009-03-29 03:26:28	138.9587698848688	14.0	10.0	False	0
91637	['car']	2009-03-29 03:26:28	2009-03-29 03:26:34	170.1547642823893	28.0	14.0	False	0
91638	['car']	2009-03-29 03:26:34	2009-03-29 03:26:40	139.47034083695215	23.0	-5.0	False	0
91639	['car']	2009-03-29 03:26:40	2009-03-29 03:26:52	108.43238962847501	9.0	-14.0	False	0
91640	['car']	2009-03-29 03:26:52	2009-03-29 03:27:14	104.19705825593086	5.0	-4.0	False	0
91641	['car']	2009-03-29 03:27:14	2009-03-29 03:27:26	145.34334781700608	12.0	7.0	False	0
91642	['car']	2009-03-29 03:27:26	2009-03-29 03:27:32	195.52491557300107	33.0	21.0	False	0
91643	['car']	2009-03-29 03:27:32	2009-03-29 03:27:38	208.1225559199895	35.0	2.0	False	0
91644	['car']	2009-03-29 03:27:38	2009-03-29 03:27:44	190.9097254782069	32.0	-3.0	False	0
91645	['car']	2009-03-29 03:27:44	2009-03-29 03:27:50	185.1801069805337	31.0	-1.0	False	0
91646	['car']	2009-03-29 03:27:50	2009-03-29 03:27:56	197.75091745391572	33.0	2.0	False	0
91647	['car']	2009-03-29 03:27:56	2009-03-29 03:28:02	218.3208515054581	36.0	3.0	False	0
91648	['car']	2009-03-29 03:28:02	2009-03-29 03:28:08	237.42631440787935	40.0	4.0	False	0
91649	['car']	2009-03-29 03:28:08	2009-03-29 03:28:14	228.88976850087488	38.0	-2.0	False	0
91650	['car']	2009-03-29 03:28:14	2009-03-29 03:28:20	207.58478191345097	35.0	-3.0	False	0
91651	['car']	2009-03-29 03:28:20	2009-03-29 03:28:26	164.78281624282107	27.0	-8.0	False	0
91652	['car']	2009-03-29 03:28:26	2009-03-29 03:28:32	111.385036670767	19.0	-8.0	False	0
91653	['car']	2009-03-29 03:28:32	2009-03-29 03:28:36	147.53889989537964	37.0	18.0	False	0
91654	['car']	2009-03-29 03:28:36	2009-03-29 03:28:42	201.10133868529311	34.0	-3.0	False	0
91655	['car']	2009-03-29 03:28:42	2009-03-29 03:28:48	152.5167286403889	25.0	-9.0	False	0
91656	['car']	2009-03-29 03:28:48	2009-03-29 03:29:13	128.88244441502036	5.0	-20.0	False	0
91657	['car']	2009-03-29 03:29:13	2009-03-29 03:29:17	111.63306089788466	28.0	23.0	False	0
91658	['car']	2009-03-29 03:29:17	2009-03-29 03:29:23	168.85163104347546	28.0	0.0	False	0
91659	['car']	2009-03-29 03:29:23	2009-03-29 03:29:29	217.39658524511873	36.0	8.0	False	0
91660	['car']	2009-03-29 03:29:29	2009-03-29 03:29:35	240.93958759691895	40.0	4.0	False	0
91661	['car']	2009-03-29 03:29:35	2009-03-29 03:29:41	213.3195125716739	36.0	-4.0	False	0
91662	['car']	2009-03-29 03:29:41	2009-03-29 03:29:47	135.66549873548797	23.0	-13.0	False	0
91663	['car']	2009-03-29 03:29:47	2009-03-29 03:30:14	106.64175357349632	4.0	-19.0	False	0
91664	['car']	2009-03-29 03:30:14	2009-03-29 03:30:18	104.36062652593691	26.0	22.0	False	0
91665	['car']	2009-03-29 03:30:18	2009-03-29 03:30:24	164.23023547782162	27.0	1.0	False	0
91666	['car']	2009-03-29 03:30:24	2009-03-29 03:30:30	219.087182501519	37.0	10.0	False	0
91667	['car']	2009-03-29 03:30:30	2009-03-29 03:30:36	253.8816521923394	42.0	5.0	False	0
91668	['car']	2009-03-29 03:30:36	2009-03-29 03:30:42	251.012596689301	42.0	0.0	False	0
91669	['car']	2009-03-29 03:30:42	2009-03-29 03:30:48	224.6877373638672	37.0	-5.0	False	0
91670	['car']	2009-03-29 03:30:48	2009-03-29 03:30:54	194.87616551436884	32.0	-5.0	False	0
91671	['car']	2009-03-29 03:30:54	2009-03-29 03:31:00	187.2428222900704	31.0	-1.0	False	0
91672	['car']	2009-03-29 03:31:00	2009-03-29 03:31:06	192.76486465072992	32.0	1.0	False	0
91673	['car']	2009-03-29 03:31:06	2009-03-29 03:31:12	189.6220397366981	32.0	0.0	False	0
91674	['car']	2009-03-29 03:31:12	2009-03-29 03:31:18	184.9784771384008	31.0	-1.0	False	0
91675	['car']	2009-03-29 03:31:18	2009-03-29 03:31:24	145.0926973931875	24.0	-7.0	False	0
91676	['car']	2009-03-29 03:31:24	2009-03-29 03:31:50	115.43977399399074	4.0	-20.0	False	1
91677	['car']	2009-03-29 03:31:50	2009-03-29 03:32:04	114.75857067001606	8.0	4.0	False	0
91678	['car']	2009-03-29 03:32:04	2009-03-29 03:32:41	104.05400081103762	3.0	-5.0	False	1
91679	['car']	2009-03-29 03:32:41	2009-03-29 03:32:55	104.0567460717019	7.0	4.0	False	0
91680	['car']	2009-03-29 03:32:55	2009-03-29 03:33:07	107.69073339501355	9.0	2.0	False	0
91681	['car']	2009-03-29 03:33:07	2009-03-29 03:33:25	116.44952213895272	6.0	-3.0	False	0
91682	['car']	2009-03-29 03:33:25	2009-03-29 03:33:45	105.02562284227206	5.0	-1.0	False	0
91683	['car']	2009-03-29 03:33:45	2009-03-29 03:34:27	119.51944152100972	3.0	-2.0	False	1
91684	['car']	2009-03-29 03:34:27	2009-03-29 03:34:39	111.66481899216105	9.0	6.0	False	0
91685	['car']	2009-03-29 03:34:39	2009-03-29 03:34:55	106.36052121391282	7.0	-2.0	False	0
91686	['car']	2009-03-29 03:34:55	2009-03-29 03:35:19	125.85344899228673	5.0	-2.0	False	0
91687	['car']	2009-03-29 03:35:19	2009-03-29 03:35:27	140.54658833908704	18.0	13.0	False	0
91688	['car']	2009-03-29 03:35:27	2009-03-29 03:36:58	101.0482978929611	1.0	-17.0	False	3
91689	['car']	2009-03-29 03:36:58	2009-03-29 03:38:14	108.0386091447625	1.0	0.0	False	0
91690	['car']	2009-03-29 03:38:14	2009-03-29 03:39:23	101.12840207107307	1.0	0.0	False	0
91691	['car']	2009-03-29 03:39:23	2009-03-29 03:39:48	331.2733556137491	13.0	12.0	False	0
