	transMode	startDate	endDate	distance	speed	acceleration	hasChangepoint	hasStopPoint
12345	['car']	2008-06-10 01:19:46	2008-06-10 01:20:52	101.13181933774304	2.0	-1.0	False	2
12346	['car']	2008-06-10 01:20:52	2008-06-10 01:21:04	101.30029571624829	8.0	6.0	False	0
12347	['car']	2008-06-10 01:21:04	2008-06-10 01:21:10	180.45621575755843	30.0	22.0	False	0
12348	['car']	2008-06-10 01:21:10	2008-06-10 01:21:20	269.5893217382491	27.0	-3.0	False	0
12349	['car']	2008-06-10 01:21:20	2008-06-10 01:21:30	298.59427970847787	30.0	3.0	False	0
12350	['car']	2008-06-10 01:21:30	2008-06-10 01:21:40	202.8471282180753	20.0	-10.0	False	0
12351	['car']	2008-06-10 01:21:40	2008-06-10 01:22:22	162.6577013733009	4.0	-16.0	False	1
12352	['car']	2008-06-10 01:22:22	2008-06-10 01:22:28	219.5667322088394	37.0	33.0	False	0
12353	['car']	2008-06-10 01:22:28	2008-06-10 01:22:38	294.88247414078745	29.0	-8.0	False	0
12354	['car']	2008-06-10 01:22:38	2008-06-10 01:22:48	226.8947221521634	23.0	-6.0	False	0
12355	['car']	2008-06-10 01:22:48	2008-06-10 01:23:07	106.16943556087872	6.0	-17.0	False	0
12356	['car']	2008-06-10 01:23:07	2008-06-10 01:23:28	111.59516231746981	5.0	-1.0	False	0
12357	['car']	2008-06-10 01:23:28	2008-06-10 01:23:55	129.7641124701943	5.0	0.0	False	0
12358	['car']	2008-06-10 01:23:55	2008-06-10 01:24:13	115.1946478836329	6.0	1.0	False	0
12359	['car']	2008-06-10 01:24:13	2008-06-10 01:24:31	130.98532542685052	7.0	1.0	False	0
12360	['car']	2008-06-10 01:24:31	2008-06-10 01:24:55	121.6219509874869	5.0	-2.0	False	0
12361	['car']	2008-06-10 01:24:55	2008-06-10 01:25:13	122.98494549960131	7.0	2.0	False	0
12362	['car']	2008-06-10 01:25:13	2008-06-10 01:25:31	123.05416135374429	7.0	0.0	False	0
12363	['car']	2008-06-10 01:25:31	2008-06-10 01:25:49	115.61393054069578	6.0	-1.0	False	0
12364	['car']	2008-06-10 01:25:49	2008-06-10 01:26:13	107.01801617554008	4.0	-2.0	False	0
12365	['car']	2008-06-10 01:26:13	2008-06-10 01:26:31	172.26399596727637	10.0	6.0	False	0
12366	['car']	2008-06-10 01:26:31	2008-06-10 01:26:47	112.92294106773102	7.0	-3.0	False	0
12367	['car']	2008-06-10 01:26:47	2008-06-10 01:27:48	120.31754449712639	2.0	-5.0	False	0
12368	['car']	2008-06-10 01:27:48	2008-06-10 01:28:24	116.37238429532896	3.0	1.0	False	0
12369	['car']	2008-06-10 01:28:24	2008-06-10 01:29:21	125.0674113636353	2.0	-1.0	False	0
12370	['car']	2008-06-10 01:29:21	2008-06-10 01:29:27	121.33517973989485	20.0	18.0	False	0
12371	['car']	2008-06-10 01:29:27	2008-06-10 01:29:37	210.6686120411133	21.0	1.0	False	0
12372	['car']	2008-06-10 01:29:37	2008-06-10 01:29:47	261.6463554946391	26.0	5.0	False	0
12373	['car']	2008-06-10 01:29:47	2008-06-10 01:29:57	266.1188567053684	27.0	1.0	False	0
12374	['car']	2008-06-10 01:29:57	2008-06-10 01:30:07	267.5643151485326	27.0	0.0	False	0
12375	['car']	2008-06-10 01:30:07	2008-06-10 01:30:17	291.78571821605703	29.0	2.0	False	0
12376	['car']	2008-06-10 01:30:17	2008-06-10 01:30:27	307.5765765653357	31.0	2.0	False	0
12377	['car']	2008-06-10 01:30:27	2008-06-10 01:30:37	332.696361863202	33.0	2.0	False	0
12378	['car']	2008-06-10 01:30:37	2008-06-10 01:30:47	590.4325501035547	59.0	26.0	False	0
12379	['car']	2008-06-10 01:30:47	2008-06-10 01:31:07	834.5576141149999	42.0	-17.0	False	0
12380	['car']	2008-06-10 01:31:07	2008-06-10 01:31:27	858.4387181553151	43.0	1.0	False	0
12381	['car']	2008-06-10 01:31:27	2008-06-10 01:31:47	865.7117116158595	43.0	0.0	False	0
12382	['car']	2008-06-10 01:31:47	2008-06-10 01:32:07	724.3651937088065	36.0	-7.0	False	0
12383	['car']	2008-06-10 01:32:07	2008-06-10 01:32:27	417.7133539006945	21.0	-15.0	False	0
12384	['car']	2008-06-10 01:32:27	2008-06-10 01:32:37	242.09783466888678	24.0	3.0	False	0
12385	['car']	2008-06-10 01:32:37	2008-06-10 01:32:47	264.94981481576104	26.0	2.0	False	0
12386	['car']	2008-06-10 01:32:47	2008-06-10 01:32:57	278.6063970909274	28.0	2.0	False	0
12387	['car']	2008-06-10 01:32:57	2008-06-10 01:33:07	287.3176645895069	29.0	1.0	False	0
12388	['car']	2008-06-10 01:33:07	2008-06-10 01:33:17	295.0266014916387	30.0	1.0	False	0
12389	['car']	2008-06-10 01:33:17	2008-06-10 01:33:27	281.8005283362702	28.0	-2.0	False	0
12390	['car']	2008-06-10 01:33:27	2008-06-10 01:33:37	260.32835000159696	26.0	-2.0	False	0
12391	['car']	2008-06-10 01:33:37	2008-06-10 01:33:47	242.8206186496898	24.0	-2.0	False	0
12392	['car']	2008-06-10 01:33:47	2008-06-10 01:33:57	273.47297975598747	27.0	3.0	False	0
12393	['car']	2008-06-10 01:33:57	2008-06-10 01:34:07	310.8100499432245	31.0	4.0	False	0
12394	['car']	2008-06-10 01:34:07	2008-06-10 01:34:17	341.6020964384768	34.0	3.0	False	0
12395	['car']	2008-06-10 01:34:17	2008-06-10 01:34:27	510.5296230900643	51.0	17.0	False	0
12396	['car']	2008-06-10 01:34:27	2008-06-10 01:34:47	501.57531585738616	25.0	-26.0	False	0
12397	['car']	2008-06-10 01:34:47	2008-06-10 01:34:57	526.0748219852708	53.0	28.0	False	0
12398	['car']	2008-06-10 01:34:57	2008-06-10 01:35:17	453.48241419478654	23.0	-30.0	False	0
12399	['car']	2008-06-10 01:35:17	2008-06-10 01:35:27	143.08420824155786	14.0	-9.0	False	0
12400	['car']	2008-06-10 01:35:27	2008-06-10 01:36:28	180.31832673877304	3.0	-11.0	False	0
12401	['car']	2008-06-10 01:36:28	2008-06-10 01:36:38	187.07461044050146	19.0	16.0	False	0
12402	['car']	2008-06-10 01:36:38	2008-06-10 01:36:48	189.8651521869112	19.0	0.0	False	0
12403	['car']	2008-06-10 01:36:48	2008-06-10 01:36:58	122.49411666203272	12.0	-7.0	False	0
12404	['car']	2008-06-10 01:36:58	2008-06-10 01:37:14	168.00424341120842	11.0	-1.0	False	0
12405	['car']	2008-06-10 01:37:14	2008-06-10 01:37:24	145.07758335971178	15.0	4.0	False	0
12406	['car']	2008-06-10 01:37:24	2008-06-10 01:37:34	131.3761496412793	13.0	-2.0	False	0
12407	['car']	2008-06-10 01:37:34	2008-06-10 01:37:44	128.47687970755177	13.0	0.0	False	0
12408	['car']	2008-06-10 01:37:44	2008-06-10 01:37:54	125.86926812633016	13.0	0.0	False	0
12409	['car']	2008-06-10 01:37:54	2008-06-10 01:38:10	118.6202895766055	7.0	-6.0	False	0
12410	['car']	2008-06-10 01:38:10	2008-06-10 01:38:49	163.72286516653048	4.0	-3.0	False	1
12411	['car']	2008-06-10 01:38:49	2008-06-10 01:39:05	126.33646637937359	8.0	4.0	False	0
12412	['car']	2008-06-10 01:39:05	2008-06-10 01:39:29	124.7757434117845	5.0	-3.0	False	0
12413	['car']	2008-06-10 01:39:29	2008-06-10 01:40:14	106.68024765866687	2.0	-3.0	False	0
12414	['car']	2008-06-10 01:40:14	2008-06-10 01:40:32	103.12499694794568	6.0	4.0	False	0
12415	['car']	2008-06-10 01:40:32	2008-06-10 01:40:48	152.25814498588386	10.0	4.0	False	0
12416	['car']	2008-06-10 01:40:48	2008-06-10 01:40:58	107.27133566162581	11.0	1.0	False	0
12417	['car']	2008-06-10 01:40:58	2008-06-10 01:41:26	102.5125074400685	4.0	-7.0	False	0
12418	['car']	2008-06-10 01:41:26	2008-06-10 01:41:56	111.62176613298152	4.0	0.0	False	0
12419	['car']	2008-06-10 01:41:56	2008-06-10 01:42:12	169.49259926395547	11.0	7.0	False	0
12420	['car']	2008-06-10 01:42:12	2008-06-10 01:42:22	123.27097585725198	12.0	1.0	False	0
12421	['car']	2008-06-10 01:42:22	2008-06-10 01:42:38	114.80085442365325	7.0	-5.0	False	0
12422	['car']	2008-06-10 01:42:38	2008-06-10 01:42:44	113.80645624846825	19.0	12.0	False	0
12423	['car']	2008-06-10 01:42:44	2008-06-10 01:42:54	137.23481132020748	14.0	-5.0	False	0
12424	['car']	2008-06-10 01:42:54	2008-06-10 01:43:04	104.6537459708473	10.0	-4.0	False	0
12425	['car']	2008-06-10 01:43:04	2008-06-10 01:43:26	133.32350765945634	6.0	-4.0	False	0
12426	['car']	2008-06-10 01:43:26	2008-06-10 01:43:36	141.07841566409812	14.0	8.0	False	0
12427	['car']	2008-06-10 01:43:36	2008-06-10 01:43:46	187.1968901294927	19.0	5.0	False	0
12428	['car']	2008-06-10 01:43:46	2008-06-10 01:43:56	244.08262236320388	24.0	5.0	False	0
12429	['car']	2008-06-10 01:43:56	2008-06-10 01:44:06	294.0412605312018	29.0	5.0	False	0
12430	['car']	2008-06-10 01:44:06	2008-06-10 01:44:16	301.20607369637946	30.0	1.0	False	0
12431	['car']	2008-06-10 01:44:16	2008-06-10 01:44:26	317.50750953153397	32.0	2.0	False	0
12432	['car']	2008-06-10 01:44:26	2008-06-10 01:44:36	343.2745908637091	34.0	2.0	False	0
12433	['car']	2008-06-10 01:44:36	2008-06-10 01:44:46	362.5432059999679	36.0	2.0	False	0
12434	['car']	2008-06-10 01:44:46	2008-06-10 01:44:56	299.1333643280112	30.0	-6.0	False	0
12435	['car']	2008-06-10 01:44:56	2008-06-10 01:45:06	224.26452346131856	22.0	-8.0	False	0
12436	['car']	2008-06-10 01:45:06	2008-06-10 01:45:16	258.9171980027698	26.0	4.0	False	0
12437	['car']	2008-06-10 01:45:16	2008-06-10 01:45:26	303.0297748087299	30.0	4.0	False	0
12438	['car']	2008-06-10 01:45:26	2008-06-10 01:45:36	298.21763895341905	30.0	0.0	False	0
12439	['car']	2008-06-10 01:45:36	2008-06-10 01:45:46	308.9583242547957	31.0	1.0	False	0
12440	['car']	2008-06-10 01:45:46	2008-06-10 01:45:56	319.51783859275565	32.0	1.0	False	0
12441	['car']	2008-06-10 01:45:56	2008-06-10 01:46:06	358.9948216313137	36.0	4.0	False	0
12442	['car']	2008-06-10 01:46:06	2008-06-10 01:46:16	429.9793403028029	43.0	7.0	False	0
12443	['car']	2008-06-10 01:46:16	2008-06-10 01:46:26	482.99906597479776	48.0	5.0	False	0
12444	['car']	2008-06-10 01:46:26	2008-06-10 01:46:36	492.81885713309737	49.0	1.0	False	0
12445	['car']	2008-06-10 01:46:36	2008-06-10 01:46:46	464.83149857534346	46.0	-3.0	False	0
12446	['car']	2008-06-10 01:46:46	2008-06-10 01:46:56	408.8656249236817	41.0	-5.0	False	0
12447	['car']	2008-06-10 01:46:56	2008-06-10 01:47:06	320.4480533956058	32.0	-9.0	False	0
12448	['car']	2008-06-10 01:47:06	2008-06-10 01:47:16	239.64803167762238	24.0	-8.0	False	0
12449	['car']	2008-06-10 01:47:16	2008-06-10 01:47:26	255.58848225840785	26.0	2.0	False	0
12450	['car']	2008-06-10 01:47:26	2008-06-10 01:47:36	355.8539399830633	36.0	10.0	False	0
12451	['car']	2008-06-10 01:47:36	2008-06-10 01:47:46	404.4387697572238	40.0	4.0	False	0
12452	['car']	2008-06-10 01:47:46	2008-06-10 01:47:56	382.0250699452781	38.0	-2.0	False	0
12453	['car']	2008-06-10 01:47:56	2008-06-10 01:48:06	365.000686716794	37.0	-1.0	False	0
12454	['car']	2008-06-10 01:48:06	2008-06-10 01:48:16	253.0763400118214	25.0	-12.0	False	0
12455	['car']	2008-06-10 01:48:16	2008-06-10 01:49:01	127.47081429750274	3.0	-22.0	False	1
12456	['car']	2008-06-10 01:49:01	2008-06-10 01:49:19	110.88748194197713	6.0	3.0	False	0
12457	['car']	2008-06-10 01:49:19	2008-06-10 01:49:37	106.29243373091256	6.0	0.0	False	0
12458	['car']	2008-06-10 01:49:37	2008-06-10 01:49:53	120.98306414951563	8.0	2.0	False	0
12459	['car']	2008-06-10 01:49:53	2008-06-10 01:50:03	100.74668454560043	10.0	2.0	False	0
12460	['car']	2008-06-10 01:50:03	2008-06-10 01:50:23	139.31733346521128	7.0	-3.0	False	0
12461	['car']	2008-06-10 01:50:23	2008-06-10 01:50:43	135.0183497029009	7.0	0.0	False	0
12462	['car']	2008-06-10 01:50:43	2008-06-10 01:51:05	107.1718450012722	5.0	-2.0	False	0
12463	['car']	2008-06-10 01:51:05	2008-06-10 01:51:25	102.48651687435304	5.0	0.0	False	0
12464	['car']	2008-06-10 01:51:25	2008-06-10 01:52:16	100.88995332313466	2.0	-3.0	False	0
12465	['car']	2008-06-10 01:52:16	2008-06-10 01:52:28	108.45067367215958	9.0	7.0	False	0
12466	['car']	2008-06-10 01:52:28	2008-06-10 01:52:40	107.32822814361927	9.0	0.0	False	0
12467	['car']	2008-06-10 01:52:40	2008-06-10 01:52:58	144.02720982376565	8.0	-1.0	False	0
12468	['car']	2008-06-10 01:52:58	2008-06-10 01:53:10	127.89107027803335	11.0	3.0	False	0
12469	['car']	2008-06-10 01:53:10	2008-06-10 01:53:40	124.06200555323213	4.0	-7.0	False	0
12470	['car']	2008-06-10 01:53:40	2008-06-10 01:54:08	119.06893052185747	4.0	0.0	False	0
12471	['car']	2008-06-10 01:54:08	2008-06-10 01:54:20	106.49254681571071	9.0	5.0	False	0
12472	['car']	2008-06-10 01:54:20	2008-06-10 01:54:38	116.44018317986868	6.0	-3.0	False	0
12473	['car']	2008-06-10 01:54:38	2008-06-10 01:54:44	183.4828905328297	31.0	25.0	False	0
