	transMode	startDate	endDate	distance	speed	acceleration	hasChangepoint	hasStopPoint
62848	['car']	2008-12-26 12:26:06	2008-12-26 12:26:34	139.06369833821452	5.0	-27.0	False	0
62849	['car']	2008-12-26 12:26:34	2008-12-26 12:26:52	104.21849920559056	6.0	1.0	False	0
62850	['car']	2008-12-26 12:26:52	2008-12-26 12:27:14	105.20846036899933	5.0	-1.0	False	0
62851	['car']	2008-12-26 12:27:14	2008-12-26 12:27:22	187.2240299542711	23.0	18.0	False	0
62852	['car']	2008-12-26 12:27:22	2008-12-26 12:27:28	234.2745065629329	39.0	16.0	False	0
62853	['car']	2008-12-26 12:27:28	2008-12-26 12:27:34	285.8197349322412	48.0	9.0	False	0
62854	['car']	2008-12-26 12:27:34	2008-12-26 12:27:40	316.24722015481245	53.0	5.0	False	0
62855	['car']	2008-12-26 12:27:40	2008-12-26 12:27:46	328.4382473190159	55.0	2.0	False	0
62856	['car']	2008-12-26 12:27:46	2008-12-26 12:27:52	327.3030158564976	55.0	0.0	False	0
62857	['car']	2008-12-26 12:27:52	2008-12-26 12:27:58	300.8158187326292	50.0	-5.0	False	0
62858	['car']	2008-12-26 12:27:58	2008-12-26 12:28:04	238.7679643212224	40.0	-10.0	False	0
62859	['car']	2008-12-26 12:28:04	2008-12-26 12:28:10	177.49445592222526	30.0	-10.0	False	0
62860	['car']	2008-12-26 12:28:10	2008-12-26 12:28:16	187.10697336896993	31.0	1.0	False	0
62861	['car']	2008-12-26 12:28:16	2008-12-26 12:28:22	226.88850528498838	38.0	7.0	False	0
62862	['car']	2008-12-26 12:28:22	2008-12-26 12:28:28	235.78652240968705	39.0	1.0	False	0
62863	['car']	2008-12-26 12:28:28	2008-12-26 12:28:34	269.5169490469766	45.0	6.0	False	0
62864	['car']	2008-12-26 12:28:34	2008-12-26 12:28:40	311.1977924392734	52.0	7.0	False	0
62865	['car']	2008-12-26 12:28:40	2008-12-26 12:28:46	305.07365790473904	51.0	-1.0	False	0
62866	['car']	2008-12-26 12:28:46	2008-12-26 12:28:52	295.61398962199723	49.0	-2.0	False	0
62867	['car']	2008-12-26 12:28:52	2008-12-26 12:28:58	300.9906016717656	50.0	1.0	False	0
62868	['car']	2008-12-26 12:28:58	2008-12-26 12:29:04	299.1426909099183	50.0	0.0	False	0
62869	['car']	2008-12-26 12:29:04	2008-12-26 12:29:10	288.77053843377814	48.0	-2.0	False	0
62870	['car']	2008-12-26 12:29:10	2008-12-26 12:29:16	278.2145589500986	46.0	-2.0	False	0
62871	['car']	2008-12-26 12:29:16	2008-12-26 12:29:22	270.23013241423763	45.0	-1.0	False	0
62872	['car']	2008-12-26 12:29:22	2008-12-26 12:29:28	272.2505012672988	45.0	0.0	False	0
62873	['car']	2008-12-26 12:29:28	2008-12-26 12:29:34	290.4303323623367	48.0	3.0	False	0
62874	['car']	2008-12-26 12:29:34	2008-12-26 12:29:40	299.5076707874806	50.0	2.0	False	0
62875	['car']	2008-12-26 12:29:40	2008-12-26 12:29:46	294.49349428440365	49.0	-1.0	False	0
62876	['car']	2008-12-26 12:29:46	2008-12-26 12:29:52	297.648602462123	50.0	1.0	False	0
62877	['car']	2008-12-26 12:29:52	2008-12-26 12:29:58	301.177607470089	50.0	0.0	False	0
62878	['car']	2008-12-26 12:29:58	2008-12-26 12:30:04	283.01454144731485	47.0	-3.0	False	0
62879	['car']	2008-12-26 12:30:04	2008-12-26 12:30:10	242.8002044802588	40.0	-7.0	False	0
62880	['car']	2008-12-26 12:30:10	2008-12-26 12:30:16	226.3070684302262	38.0	-2.0	False	0
62881	['car']	2008-12-26 12:30:16	2008-12-26 12:30:22	228.7066037746992	38.0	0.0	False	0
62882	['car']	2008-12-26 12:30:22	2008-12-26 12:30:28	208.12503268062187	35.0	-3.0	False	0
62883	['car']	2008-12-26 12:30:28	2008-12-26 12:30:34	179.76033234638152	30.0	-5.0	False	0
62884	['car']	2008-12-26 12:30:34	2008-12-26 12:30:40	160.1234822242685	27.0	-3.0	False	0
62885	['car']	2008-12-26 12:30:40	2008-12-26 12:30:46	155.86420232600744	26.0	-1.0	False	0
62886	['car']	2008-12-26 12:30:46	2008-12-26 12:30:52	157.1538895556144	26.0	0.0	False	0
62887	['car']	2008-12-26 12:30:52	2008-12-26 12:30:58	158.00218481846073	26.0	0.0	False	0
62888	['car']	2008-12-26 12:30:58	2008-12-26 12:31:04	168.90254764684497	28.0	2.0	False	0
62889	['car']	2008-12-26 12:31:04	2008-12-26 12:31:10	182.1731261926491	30.0	2.0	False	0
62890	['car']	2008-12-26 12:31:10	2008-12-26 12:31:16	182.4797229527952	30.0	0.0	False	0
62891	['car']	2008-12-26 12:31:16	2008-12-26 12:31:22	139.67250766313256	23.0	-7.0	False	0
62892	['car']	2008-12-26 12:31:22	2008-12-26 12:31:34	148.16189277712107	12.0	-11.0	False	0
62893	['car']	2008-12-26 12:31:34	2008-12-26 12:31:40	122.82493692968714	20.0	8.0	False	0
62894	['car']	2008-12-26 12:31:40	2008-12-26 12:31:46	105.7626996288765	18.0	-2.0	False	0
62895	['car']	2008-12-26 12:31:46	2008-12-26 12:31:58	127.69876721540486	11.0	-7.0	False	0
62896	['car']	2008-12-26 12:31:58	2008-12-26 12:33:34	116.25333557701732	1.0	-10.0	False	1
62897	['car']	2008-12-26 12:33:34	2008-12-26 12:33:40	100.11267014107034	17.0	16.0	False	0
62898	['car']	2008-12-26 12:33:40	2008-12-26 12:33:46	139.86440428034138	23.0	6.0	False	0
62899	['car']	2008-12-26 12:33:46	2008-12-26 12:33:52	175.359413968569	29.0	6.0	False	0
62900	['car']	2008-12-26 12:33:52	2008-12-26 12:33:58	197.15872370456856	33.0	4.0	False	0
62901	['car']	2008-12-26 12:33:58	2008-12-26 12:34:04	282.5893285563938	47.0	14.0	False	0
62902	['car']	2008-12-26 12:34:04	2008-12-26 12:34:14	243.71113834002887	24.0	-23.0	False	0
62903	['car']	2008-12-26 12:34:14	2008-12-26 12:34:34	113.63339640682702	6.0	-18.0	False	0
62904	['car']	2008-12-26 12:34:34	2008-12-26 12:35:06	104.60598669578772	3.0	-3.0	False	0
62905	['car']	2008-12-26 12:35:06	2008-12-26 12:35:46	101.07278450277813	3.0	0.0	False	0
62906	['car']	2008-12-26 12:35:46	2008-12-26 12:36:14	102.62235444793946	4.0	1.0	False	0
62907	['car']	2008-12-26 12:36:14	2008-12-26 12:36:48	113.37286489855798	3.0	-1.0	False	0
62908	['car']	2008-12-26 12:36:48	2008-12-26 12:37:02	157.40799331762298	11.0	8.0	False	0
62909	['car']	2008-12-26 12:37:02	2008-12-26 12:37:08	158.74297318211876	26.0	15.0	False	0
62910	['car']	2008-12-26 12:37:08	2008-12-26 12:37:14	185.758419775677	31.0	5.0	False	0
62911	['car']	2008-12-26 12:37:14	2008-12-26 12:37:20	199.3870936243496	33.0	2.0	False	0
62912	['car']	2008-12-26 12:37:20	2008-12-26 12:37:26	202.1299058661868	34.0	1.0	False	0
62913	['car']	2008-12-26 12:37:26	2008-12-26 12:37:32	197.27173710661782	33.0	-1.0	False	0
62914	['car']	2008-12-26 12:37:32	2008-12-26 12:37:38	178.07494303469167	30.0	-3.0	False	0
62915	['car']	2008-12-26 12:37:38	2008-12-26 12:37:44	170.6133744958551	28.0	-2.0	False	0
62916	['car']	2008-12-26 12:37:44	2008-12-26 12:37:50	165.78850209537362	28.0	0.0	False	0
62917	['car']	2008-12-26 12:37:50	2008-12-26 12:37:56	138.566193969288	23.0	-5.0	False	0
62918	['car']	2008-12-26 12:37:56	2008-12-26 12:38:16	100.12360183541458	5.0	-18.0	False	0
62919	['car']	2008-12-26 12:38:16	2008-12-26 12:38:28	145.2811679756708	12.0	7.0	False	0
62920	['car']	2008-12-26 12:38:28	2008-12-26 12:38:34	144.76659220617216	24.0	12.0	False	0
62921	['car']	2008-12-26 12:38:34	2008-12-26 12:38:40	152.67533081917668	25.0	1.0	False	0
62922	['car']	2008-12-26 12:38:40	2008-12-26 12:38:46	164.26412186748811	27.0	2.0	False	0
62923	['car']	2008-12-26 12:38:46	2008-12-26 12:38:52	177.87793555564772	30.0	3.0	False	0
62924	['car']	2008-12-26 12:38:52	2008-12-26 12:38:58	192.40675394378948	32.0	2.0	False	0
62925	['car']	2008-12-26 12:38:58	2008-12-26 12:39:04	280.36346827493475	47.0	15.0	False	0
62926	['car']	2008-12-26 12:39:04	2008-12-26 12:39:14	380.561617890481	38.0	-9.0	False	0
62927	['car']	2008-12-26 12:39:14	2008-12-26 12:39:24	416.4354741964675	42.0	4.0	False	0
62928	['car']	2008-12-26 12:39:24	2008-12-26 12:39:34	413.07495422627784	41.0	-1.0	False	0
62929	['car']	2008-12-26 12:39:34	2008-12-26 12:39:44	268.04486031987125	27.0	-14.0	False	0
62930	['car']	2008-12-26 12:39:44	2008-12-26 12:39:50	150.6221128361209	25.0	-2.0	False	0
62931	['car']	2008-12-26 12:39:50	2008-12-26 12:39:56	168.37839920602835	28.0	3.0	False	0
62932	['car']	2008-12-26 12:39:56	2008-12-26 12:40:02	174.52512382391924	29.0	1.0	False	0
62933	['car']	2008-12-26 12:40:02	2008-12-26 12:40:08	186.96572607832178	31.0	2.0	False	0
62934	['car']	2008-12-26 12:40:08	2008-12-26 12:40:14	302.6381018445731	50.0	19.0	False	0
62935	['car']	2008-12-26 12:40:14	2008-12-26 12:40:24	408.77650756278206	41.0	-9.0	False	0
62936	['car']	2008-12-26 12:40:24	2008-12-26 12:40:34	413.9768747125636	41.0	0.0	False	0
62937	['car']	2008-12-26 12:40:34	2008-12-26 12:40:44	405.6809674801684	41.0	0.0	False	0
62938	['car']	2008-12-26 12:40:44	2008-12-26 12:40:54	404.3300147919085	40.0	-1.0	False	0
62939	['car']	2008-12-26 12:40:54	2008-12-26 12:41:04	395.32194839782744	40.0	0.0	False	0
62940	['car']	2008-12-26 12:41:04	2008-12-26 12:41:14	371.97265166808427	37.0	-3.0	False	0
62941	['car']	2008-12-26 12:41:14	2008-12-26 12:41:24	345.60119431741214	35.0	-2.0	False	0
62942	['car']	2008-12-26 12:41:24	2008-12-26 12:41:34	247.95115204433432	25.0	-10.0	False	0
62943	['car']	2008-12-26 12:41:34	2008-12-26 12:41:40	172.61803627413195	29.0	4.0	False	0
62944	['car']	2008-12-26 12:41:40	2008-12-26 12:41:46	186.02718550051293	31.0	2.0	False	0
62945	['car']	2008-12-26 12:41:46	2008-12-26 12:41:52	202.51950961836212	34.0	3.0	False	0
62946	['car']	2008-12-26 12:41:52	2008-12-26 12:41:58	283.30727422005873	47.0	13.0	False	0
62947	['car']	2008-12-26 12:41:58	2008-12-26 12:42:08	361.5554752944853	36.0	-11.0	False	0
62948	['car']	2008-12-26 12:42:08	2008-12-26 12:42:18	365.97975935331243	37.0	1.0	False	0
62949	['car']	2008-12-26 12:42:18	2008-12-26 12:42:28	373.51933331393974	37.0	0.0	False	0
62950	['car']	2008-12-26 12:42:28	2008-12-26 12:42:38	371.0852645850809	37.0	0.0	False	0
62951	['car']	2008-12-26 12:42:38	2008-12-26 12:42:48	352.1063011299623	35.0	-2.0	False	0
62952	['car']	2008-12-26 12:42:48	2008-12-26 12:42:58	275.5788031807533	28.0	-7.0	False	0
62953	['car']	2008-12-26 12:42:58	2008-12-26 12:43:04	330.8600557163958	55.0	27.0	False	0
62954	['car']	2008-12-26 12:43:04	2008-12-26 12:43:15	447.3230851785253	41.0	-14.0	False	0
62955	['car']	2008-12-26 12:43:15	2008-12-26 12:43:25	429.6549951174611	43.0	2.0	False	0
62956	['car']	2008-12-26 12:43:25	2008-12-26 12:43:35	389.5033302200168	39.0	-4.0	False	0
62957	['car']	2008-12-26 12:43:35	2008-12-26 12:43:46	221.27850411167591	20.0	-19.0	False	0
62958	['car']	2008-12-26 12:43:46	2008-12-26 12:44:19	122.8084366199459	4.0	-16.0	False	0
62959	['car']	2008-12-26 12:44:19	2008-12-26 12:44:39	113.7250322672192	6.0	2.0	False	0
62960	['car']	2008-12-26 12:44:39	2008-12-26 12:44:49	126.37113852285515	13.0	7.0	False	0
62961	['car']	2008-12-26 12:44:49	2008-12-26 12:44:55	103.63017238440912	17.0	4.0	False	0
62962	['car']	2008-12-26 12:44:55	2008-12-26 12:45:07	189.19600102601947	16.0	-1.0	False	0
62963	['car']	2008-12-26 12:45:07	2008-12-26 12:45:13	215.59715484244367	36.0	20.0	False	0
62964	['car']	2008-12-26 12:45:13	2008-12-26 12:45:19	239.36236575692953	40.0	4.0	False	0
62965	['car']	2008-12-26 12:45:19	2008-12-26 12:45:25	251.39000444508548	42.0	2.0	False	0
62966	['car']	2008-12-26 12:45:25	2008-12-26 12:45:31	257.632198119731	43.0	1.0	False	0
62967	['car']	2008-12-26 12:45:31	2008-12-26 12:45:37	228.1532786163062	38.0	-5.0	False	0
62968	['car']	2008-12-26 12:45:37	2008-12-26 12:45:43	173.18025172014242	29.0	-9.0	False	0
62969	['car']	2008-12-26 12:45:43	2008-12-26 12:45:49	149.85111907519624	25.0	-4.0	False	0
62970	['car']	2008-12-26 12:45:49	2008-12-26 12:45:55	145.39834495400086	24.0	-1.0	False	0
62971	['car']	2008-12-26 12:45:55	2008-12-26 12:46:01	133.15704818193387	22.0	-2.0	False	0
62972	['car']	2008-12-26 12:46:01	2008-12-26 12:46:07	128.91539061713635	21.0	-1.0	False	0
62973	['car']	2008-12-26 12:46:07	2008-12-26 12:46:13	130.96478024836313	22.0	1.0	False	0
62974	['car']	2008-12-26 12:46:13	2008-12-26 12:46:19	132.7637695232072	22.0	0.0	False	0
62975	['car']	2008-12-26 12:46:19	2008-12-26 12:46:25	137.40175038643122	23.0	1.0	False	0
62976	['car']	2008-12-26 12:46:25	2008-12-26 12:46:31	158.31303454707032	26.0	3.0	False	0
62977	['car']	2008-12-26 12:46:31	2008-12-26 12:46:37	178.83729972303001	30.0	4.0	False	0
62978	['car']	2008-12-26 12:46:37	2008-12-26 12:46:43	190.39711585612127	32.0	2.0	False	0
62979	['car']	2008-12-26 12:46:43	2008-12-26 12:46:49	187.87248628019745	31.0	-1.0	False	0
62980	['car']	2008-12-26 12:46:49	2008-12-26 12:46:55	179.2877859110289	30.0	-1.0	False	0
62981	['car']	2008-12-26 12:46:55	2008-12-26 12:47:01	163.94866206462822	27.0	-3.0	False	0
62982	['car']	2008-12-26 12:47:01	2008-12-26 12:47:07	110.81145826305207	18.0	-9.0	False	0
62983	['car']	2008-12-26 12:47:07	2008-12-26 12:47:25	114.04760488746973	6.0	-12.0	False	0
62984	['car']	2008-12-26 12:47:25	2008-12-26 12:47:59	107.83280761946713	3.0	-3.0	False	1
62985	['car']	2008-12-26 12:47:59	2008-12-26 12:48:25	149.05036213089147	6.0	3.0	False	0
62986	['car']	2008-12-26 12:48:25	2008-12-26 12:48:31	110.74725737189432	18.0	12.0	False	0
62987	['car']	2008-12-26 12:48:31	2008-12-26 12:48:43	120.90670023773919	10.0	-8.0	False	0
62988	['car']	2008-12-26 12:48:43	2008-12-26 12:48:55	128.32406808292697	11.0	1.0	False	0
62989	['car']	2008-12-26 12:48:55	2008-12-26 12:49:05	116.07274894341433	12.0	1.0	False	0
62990	['car']	2008-12-26 12:49:05	2008-12-26 12:51:55	104.01764382664913	1.0	-11.0	False	1
62991	['car']	2008-12-26 12:51:55	2008-12-26 12:53:05	102.38618232123673	1.0	0.0	False	0
62992	['car']	2008-12-26 12:53:05	2008-12-26 12:54:09	100.55583801149058	2.0	1.0	False	0
62993	['car']	2008-12-26 12:54:09	2008-12-26 12:54:57	5093.288664437114	106.0	104.0	False	0
