	transMode	startDate	endDate	distance	speed	acceleration	hasChangepoint	hasStopPoint
56474	['car']	2008-12-09 13:43:34	2008-12-09 13:43:34	174.2322332742955	0.0	0.0	False	0
56475	['car']	2008-12-09 13:43:34	2008-12-09 13:43:40	356.2428612215114	59.0	59.0	False	0
56476	['car']	2008-12-09 13:43:40	2008-12-09 13:43:46	415.9275330446978	69.0	10.0	False	0
56477	['car']	2008-12-09 13:43:46	2008-12-09 13:43:56	387.60581513105336	39.0	-30.0	False	0
56478	['car']	2008-12-09 13:43:56	2008-12-09 13:44:02	339.5734689055013	57.0	18.0	False	0
56479	['car']	2008-12-09 13:44:02	2008-12-09 13:44:08	490.60848012531403	82.0	25.0	False	0
56480	['car']	2008-12-09 13:44:08	2008-12-09 13:44:18	602.5782263986946	60.0	-22.0	False	0
56481	['car']	2008-12-09 13:44:18	2008-12-09 13:44:28	477.26818090875986	48.0	-12.0	False	0
56482	['car']	2008-12-09 13:44:28	2008-12-09 13:44:34	341.58146917439046	57.0	9.0	False	0
56483	['car']	2008-12-09 13:44:34	2008-12-09 13:44:40	321.3674808537745	54.0	-3.0	False	0
56484	['car']	2008-12-09 13:44:40	2008-12-09 13:44:46	297.8877512675157	50.0	-4.0	False	0
56485	['car']	2008-12-09 13:44:46	2008-12-09 13:44:52	246.4446152054871	41.0	-9.0	False	0
56486	['car']	2008-12-09 13:44:52	2008-12-09 13:44:58	186.79126029056943	31.0	-10.0	False	0
56487	['car']	2008-12-09 13:44:58	2008-12-09 13:45:04	131.0677657160844	22.0	-9.0	False	0
56488	['car']	2008-12-09 13:45:04	2008-12-09 13:45:16	127.5627570246279	11.0	-11.0	False	0
56489	['car']	2008-12-09 13:45:16	2008-12-09 13:45:22	119.41250417715315	20.0	9.0	False	0
56490	['car']	2008-12-09 13:45:22	2008-12-09 13:45:28	120.75264602552275	20.0	0.0	False	0
56491	['car']	2008-12-09 13:45:28	2008-12-09 13:45:34	106.00848305752451	18.0	-2.0	False	0
56492	['car']	2008-12-09 13:45:34	2008-12-09 13:45:46	137.25513882501883	11.0	-7.0	False	0
56493	['car']	2008-12-09 13:45:46	2008-12-09 13:45:58	158.84428886088324	13.0	2.0	False	0
56494	['car']	2008-12-09 13:45:58	2008-12-09 13:46:04	135.09212736580687	23.0	10.0	False	0
56495	['car']	2008-12-09 13:46:04	2008-12-09 13:46:10	143.39615231607928	24.0	1.0	False	0
56496	['car']	2008-12-09 13:46:10	2008-12-09 13:46:16	141.04733076043095	24.0	0.0	False	0
56497	['car']	2008-12-09 13:46:16	2008-12-09 13:46:22	144.07234563262494	24.0	0.0	False	0
56498	['car']	2008-12-09 13:46:22	2008-12-09 13:46:28	158.06753805475304	26.0	2.0	False	0
56499	['car']	2008-12-09 13:46:28	2008-12-09 13:46:34	165.77846339846838	28.0	2.0	False	0
56500	['car']	2008-12-09 13:46:34	2008-12-09 13:46:40	162.8642873973032	27.0	-1.0	False	0
56501	['car']	2008-12-09 13:46:40	2008-12-09 13:46:46	161.29116094702687	27.0	0.0	False	0
56502	['car']	2008-12-09 13:46:46	2008-12-09 13:46:52	170.07502566296424	28.0	1.0	False	0
56503	['car']	2008-12-09 13:46:52	2008-12-09 13:46:58	182.35868906722618	30.0	2.0	False	0
56504	['car']	2008-12-09 13:46:58	2008-12-09 13:47:04	201.43665182551513	34.0	4.0	False	0
56505	['car']	2008-12-09 13:47:04	2008-12-09 13:47:10	281.1833993349864	47.0	13.0	False	0
56506	['car']	2008-12-09 13:47:10	2008-12-09 13:47:20	340.660546519753	34.0	-13.0	False	0
56507	['car']	2008-12-09 13:47:20	2008-12-09 13:47:30	370.54438240868444	37.0	3.0	False	0
56508	['car']	2008-12-09 13:47:30	2008-12-09 13:47:40	394.03571129824013	39.0	2.0	False	0
56509	['car']	2008-12-09 13:47:40	2008-12-09 13:47:50	350.2819792030655	35.0	-4.0	False	0
56510	['car']	2008-12-09 13:47:50	2008-12-09 13:48:00	219.6936060507182	22.0	-13.0	False	0
56511	['car']	2008-12-09 13:48:00	2008-12-09 13:48:24	100.99033478626792	4.0	-18.0	False	0
56512	['car']	2008-12-09 13:48:24	2008-12-09 13:49:16	154.42733198394984	3.0	-1.0	False	0
56513	['car']	2008-12-09 13:49:16	2008-12-09 13:49:22	132.7305106490933	22.0	19.0	False	0
56514	['car']	2008-12-09 13:49:22	2008-12-09 13:49:28	170.03218359585566	28.0	6.0	False	0
56515	['car']	2008-12-09 13:49:28	2008-12-09 13:49:34	190.88383810956287	32.0	4.0	False	0
56516	['car']	2008-12-09 13:49:34	2008-12-09 13:49:40	292.6857492454503	49.0	17.0	False	0
56517	['car']	2008-12-09 13:49:40	2008-12-09 13:49:50	374.6716832211224	37.0	-12.0	False	0
56518	['car']	2008-12-09 13:49:50	2008-12-09 13:50:00	291.0476655268541	29.0	-8.0	False	0
56519	['car']	2008-12-09 13:50:00	2008-12-09 13:50:06	320.4432688648635	53.0	24.0	False	0
56520	['car']	2008-12-09 13:50:06	2008-12-09 13:50:16	404.07287105737095	40.0	-13.0	False	0
56521	['car']	2008-12-09 13:50:16	2008-12-09 13:50:26	358.77749688241124	36.0	-4.0	False	0
56522	['car']	2008-12-09 13:50:26	2008-12-09 13:50:36	246.8841957638648	25.0	-11.0	False	0
56523	['car']	2008-12-09 13:50:36	2008-12-09 13:50:42	169.08128256957752	28.0	3.0	False	0
56524	['car']	2008-12-09 13:50:42	2008-12-09 13:50:48	173.5498134896959	29.0	1.0	False	0
56525	['car']	2008-12-09 13:50:48	2008-12-09 13:50:54	150.37918152832134	25.0	-4.0	False	0
56526	['car']	2008-12-09 13:50:54	2008-12-09 13:51:00	114.58403395203035	19.0	-6.0	False	0
56527	['car']	2008-12-09 13:51:00	2008-12-09 13:51:06	123.8663887507933	21.0	2.0	False	0
56528	['car']	2008-12-09 13:51:06	2008-12-09 13:51:12	167.92802844492843	28.0	7.0	False	0
56529	['car']	2008-12-09 13:51:12	2008-12-09 13:51:18	296.08109646945945	49.0	21.0	False	0
56530	['car']	2008-12-09 13:51:18	2008-12-09 13:51:28	399.0191053907659	40.0	-9.0	False	0
56531	['car']	2008-12-09 13:51:28	2008-12-09 13:51:38	398.8507152582704	40.0	0.0	False	0
56532	['car']	2008-12-09 13:51:38	2008-12-09 13:51:48	406.2911963936392	41.0	1.0	False	0
56533	['car']	2008-12-09 13:51:48	2008-12-09 13:51:58	382.79635823298804	38.0	-3.0	False	0
56534	['car']	2008-12-09 13:51:58	2008-12-09 13:52:08	289.16543997426936	29.0	-9.0	False	0
56535	['car']	2008-12-09 13:52:08	2008-12-09 13:52:14	299.71021616613507	50.0	21.0	False	0
56536	['car']	2008-12-09 13:52:14	2008-12-09 13:52:24	387.8841493423504	39.0	-11.0	False	0
56537	['car']	2008-12-09 13:52:24	2008-12-09 13:52:34	403.97392889017607	40.0	1.0	False	0
56538	['car']	2008-12-09 13:52:34	2008-12-09 13:52:44	370.9282286577753	37.0	-3.0	False	0
56539	['car']	2008-12-09 13:52:44	2008-12-09 13:52:54	255.61301290129956	26.0	-11.0	False	0
56540	['car']	2008-12-09 13:52:54	2008-12-09 13:53:00	178.03902686236643	30.0	4.0	False	0
56541	['car']	2008-12-09 13:53:00	2008-12-09 13:53:06	183.5587367244613	31.0	1.0	False	0
56542	['car']	2008-12-09 13:53:06	2008-12-09 13:53:12	203.54208146678957	34.0	3.0	False	0
56543	['car']	2008-12-09 13:53:12	2008-12-09 13:53:18	302.66113494423405	50.0	16.0	False	0
56544	['car']	2008-12-09 13:53:18	2008-12-09 13:53:28	394.6994182285272	39.0	-11.0	False	0
56545	['car']	2008-12-09 13:53:28	2008-12-09 13:53:38	376.90751494399245	38.0	-1.0	False	0
56546	['car']	2008-12-09 13:53:38	2008-12-09 13:53:48	275.2517168491189	28.0	-10.0	False	0
56547	['car']	2008-12-09 13:53:48	2008-12-09 13:53:54	203.29916379769423	34.0	6.0	False	0
56548	['car']	2008-12-09 13:53:54	2008-12-09 13:54:00	216.96559786082844	36.0	2.0	False	0
56549	['car']	2008-12-09 13:54:00	2008-12-09 13:54:06	315.83223409518365	53.0	17.0	False	0
56550	['car']	2008-12-09 13:54:06	2008-12-09 13:54:16	425.0198649435239	43.0	-10.0	False	0
56551	['car']	2008-12-09 13:54:16	2008-12-09 13:54:26	422.8443617937271	42.0	-1.0	False	0
56552	['car']	2008-12-09 13:54:26	2008-12-09 13:54:36	293.8827317404391	29.0	-13.0	False	0
56553	['car']	2008-12-09 13:54:36	2008-12-09 13:54:50	103.90382846499796	7.0	-22.0	False	0
56554	['car']	2008-12-09 13:54:50	2008-12-09 13:55:22	108.34973995443104	3.0	-4.0	False	0
56555	['car']	2008-12-09 13:55:22	2008-12-09 13:55:40	104.66421118815643	6.0	3.0	False	0
56556	['car']	2008-12-09 13:55:40	2008-12-09 13:55:48	100.50714218927104	13.0	7.0	False	0
56557	['car']	2008-12-09 13:55:48	2008-12-09 13:56:04	113.45921251575119	7.0	-6.0	False	0
56558	['car']	2008-12-09 13:56:04	2008-12-09 13:56:08	116.33226237111488	29.0	22.0	False	0
56559	['car']	2008-12-09 13:56:08	2008-12-09 13:56:14	211.40442507102821	35.0	6.0	False	0
56560	['car']	2008-12-09 13:56:14	2008-12-09 13:56:20	256.03114473632564	43.0	8.0	False	0
56561	['car']	2008-12-09 13:56:20	2008-12-09 13:56:26	249.39074003504615	42.0	-1.0	False	0
56562	['car']	2008-12-09 13:56:26	2008-12-09 13:56:32	233.02466449503294	39.0	-3.0	False	0
56563	['car']	2008-12-09 13:56:32	2008-12-09 13:56:38	212.51506370504603	35.0	-4.0	False	0
56564	['car']	2008-12-09 13:56:38	2008-12-09 13:56:44	108.68544968666889	18.0	-17.0	False	0
56565	['car']	2008-12-09 13:56:44	2008-12-09 13:56:55	100.90934429682196	9.0	-9.0	False	0
56566	['car']	2008-12-09 13:56:55	2008-12-09 13:57:00	161.31170928595537	32.0	23.0	False	0
56567	['car']	2008-12-09 13:57:00	2008-12-09 13:57:07	204.58503942000385	29.0	-3.0	False	0
56568	['car']	2008-12-09 13:57:07	2008-12-09 13:57:13	158.65939800494704	26.0	-3.0	False	0
56569	['car']	2008-12-09 13:57:13	2008-12-09 13:57:35	100.06237694015127	5.0	-21.0	False	0
56570	['car']	2008-12-09 13:57:35	2008-12-09 14:02:22	1109.6973875280728	4.0	-1.0	False	0
