	transMode	startDate	endDate	distance	speed	acceleration	hasChangepoint	hasStopPoint
52442	['bus']	2008-11-20 05:07:22	2008-11-20 05:07:22	166.8108853585628	0.0	0.0	False	0
52443	['bus']	2008-11-20 05:07:22	2008-11-20 05:07:28	381.4731123416832	64.0	64.0	False	0
52444	['bus']	2008-11-20 05:07:28	2008-11-20 05:07:38	373.13257190555987	37.0	-27.0	False	0
52445	['bus']	2008-11-20 05:07:38	2008-11-20 05:07:44	309.9927878586531	52.0	15.0	False	0
52446	['bus']	2008-11-20 05:07:44	2008-11-20 05:07:50	886.3587451632309	148.0	96.0	False	0
52447	['bus']	2008-11-20 05:07:50	2008-11-20 05:08:03	1027.4056434421227	79.0	-69.0	False	0
52448	['bus']	2008-11-20 05:08:03	2008-11-20 05:08:13	452.9304915066817	45.0	-34.0	False	0
52449	['bus']	2008-11-20 05:08:13	2008-11-20 05:08:23	256.34888885742845	26.0	-19.0	False	0
52450	['bus']	2008-11-20 05:08:23	2008-11-20 05:08:29	427.68412489922287	71.0	45.0	False	0
52451	['bus']	2008-11-20 05:08:29	2008-11-20 05:08:39	455.3391217217369	46.0	-25.0	False	0
52452	['bus']	2008-11-20 05:08:39	2008-11-20 05:08:45	253.7159222793096	42.0	-4.0	False	0
52453	['bus']	2008-11-20 05:08:45	2008-11-20 05:08:51	312.1626612152463	52.0	10.0	False	0
52454	['bus']	2008-11-20 05:08:51	2008-11-20 05:08:59	415.50433753274325	52.0	0.0	False	0
52455	['bus']	2008-11-20 05:08:59	2008-11-20 05:09:09	1322.7757235845822	132.0	80.0	False	0
52456	['bus']	2008-11-20 05:09:09	2008-11-20 05:09:54	1321.4538212097941	29.0	-103.0	False	0
52457	['bus']	2008-11-20 05:09:54	2008-11-20 05:10:04	446.63916470815093	45.0	16.0	False	0
52458	['bus']	2008-11-20 05:10:04	2008-11-20 05:10:14	338.8666287295672	34.0	-11.0	False	0
52459	['bus']	2008-11-20 05:10:14	2008-11-20 05:10:20	249.50664129413573	42.0	8.0	False	0
52460	['bus']	2008-11-20 05:10:20	2008-11-20 05:10:26	250.56853797148028	42.0	0.0	False	0
52461	['bus']	2008-11-20 05:10:26	2008-11-20 05:10:32	245.1276976299814	41.0	-1.0	False	0
52462	['bus']	2008-11-20 05:10:32	2008-11-20 05:10:38	241.32329508595308	40.0	-1.0	False	0
52463	['bus']	2008-11-20 05:10:38	2008-11-20 05:10:44	330.8546745828504	55.0	15.0	False	0
52464	['bus']	2008-11-20 05:10:44	2008-11-20 05:10:54	425.18704519992434	43.0	-12.0	False	0
52465	['bus']	2008-11-20 05:10:54	2008-11-20 05:11:04	436.10309212363234	44.0	1.0	False	0
52466	['bus']	2008-11-20 05:11:04	2008-11-20 05:11:14	477.22484671645924	48.0	4.0	False	0
52467	['bus']	2008-11-20 05:11:14	2008-11-20 05:11:25	521.2633050026573	47.0	-1.0	False	0
52468	['bus']	2008-11-20 05:11:25	2008-11-20 05:11:36	469.8062336851493	43.0	-4.0	False	0
52469	['bus']	2008-11-20 05:11:36	2008-11-20 05:11:45	439.68922940610753	49.0	6.0	False	0
52470	['bus']	2008-11-20 05:11:45	2008-11-20 05:11:56	421.5096880394805	38.0	-11.0	False	0
52471	['bus']	2008-11-20 05:11:56	2008-11-20 05:12:06	344.56892865065436	34.0	-4.0	False	0
52472	['bus']	2008-11-20 05:12:06	2008-11-20 05:12:16	324.36994198280024	32.0	-2.0	False	0
52473	['bus']	2008-11-20 05:12:16	2008-11-20 05:12:26	370.2440878210622	37.0	5.0	False	0
52474	['bus']	2008-11-20 05:12:26	2008-11-20 05:12:36	425.7725112853489	43.0	6.0	False	0
52475	['bus']	2008-11-20 05:12:36	2008-11-20 05:12:46	455.1660535691973	46.0	3.0	False	0
52476	['bus']	2008-11-20 05:12:46	2008-11-20 05:12:56	467.4847055877285	47.0	1.0	False	0
52477	['bus']	2008-11-20 05:12:56	2008-11-20 05:13:06	468.70641177358004	47.0	0.0	False	0
52478	['bus']	2008-11-20 05:13:06	2008-11-20 05:13:16	468.16110159275314	47.0	0.0	False	0
52479	['bus']	2008-11-20 05:13:16	2008-11-20 05:13:26	474.06072468423406	47.0	0.0	False	0
52480	['bus']	2008-11-20 05:13:26	2008-11-20 05:13:36	380.6520750980144	38.0	-9.0	False	0
52481	['bus']	2008-11-20 05:13:36	2008-11-20 05:13:42	291.06321012132616	49.0	11.0	False	0
52482	['bus']	2008-11-20 05:13:42	2008-11-20 05:13:48	307.0975891217783	51.0	2.0	False	0
52483	['bus']	2008-11-20 05:13:48	2008-11-20 05:13:54	413.4173053793795	69.0	18.0	False	0
52484	['bus']	2008-11-20 05:13:54	2008-11-20 05:14:04	500.60883506234313	50.0	-19.0	False	0
52485	['bus']	2008-11-20 05:14:04	2008-11-20 05:14:14	469.1881213751575	47.0	-3.0	False	0
52486	['bus']	2008-11-20 05:14:14	2008-11-20 05:14:24	418.4959502002689	42.0	-5.0	False	0
52487	['bus']	2008-11-20 05:14:24	2008-11-20 05:14:34	363.2598948287525	36.0	-6.0	False	0
52488	['bus']	2008-11-20 05:14:34	2008-11-20 05:14:44	270.5443651854378	27.0	-9.0	False	0
52489	['bus']	2008-11-20 05:14:44	2008-11-20 05:14:50	213.13804009185156	36.0	9.0	False	0
52490	['bus']	2008-11-20 05:14:50	2008-11-20 05:14:56	230.8603859970109	38.0	2.0	False	0
52491	['bus']	2008-11-20 05:14:56	2008-11-20 05:15:02	246.17186763741938	41.0	3.0	False	0
52492	['bus']	2008-11-20 05:15:02	2008-11-20 05:15:08	244.98283591906073	41.0	0.0	False	0
52493	['bus']	2008-11-20 05:15:08	2008-11-20 05:15:14	211.3899693988553	35.0	-6.0	False	0
52494	['bus']	2008-11-20 05:15:14	2008-11-20 05:15:20	173.60727344232697	29.0	-6.0	False	0
52495	['bus']	2008-11-20 05:15:20	2008-11-20 05:15:26	161.62877698680342	27.0	-2.0	False	0
52496	['bus']	2008-11-20 05:15:26	2008-11-20 05:15:32	174.70129622846582	29.0	2.0	False	0
52497	['bus']	2008-11-20 05:15:32	2008-11-20 05:15:38	195.17945393502004	33.0	4.0	False	0
52498	['bus']	2008-11-20 05:15:38	2008-11-20 05:15:44	210.83684101489013	35.0	2.0	False	0
52499	['bus']	2008-11-20 05:15:44	2008-11-20 05:15:50	225.1806801019086	38.0	3.0	False	0
52500	['bus']	2008-11-20 05:15:50	2008-11-20 05:15:56	235.7880364474346	39.0	1.0	False	0
52501	['bus']	2008-11-20 05:15:56	2008-11-20 05:16:02	226.85838384593546	38.0	-1.0	False	0
52502	['bus']	2008-11-20 05:16:02	2008-11-20 05:16:08	175.0462956057013	29.0	-9.0	False	0
52503	['bus']	2008-11-20 05:16:08	2008-11-20 05:16:20	129.87533110795627	11.0	-18.0	False	0
52504	['bus']	2008-11-20 05:16:20	2008-11-20 05:16:30	112.74046377232642	11.0	0.0	False	0
52505	['bus']	2008-11-20 05:16:30	2008-11-20 05:16:36	101.3437996774718	17.0	6.0	False	0
52506	['bus']	2008-11-20 05:16:36	2008-11-20 05:16:42	102.87050900530605	17.0	0.0	False	0
52507	['bus']	2008-11-20 05:16:42	2008-11-20 05:16:48	102.67624999990358	17.0	0.0	False	0
52508	['bus']	2008-11-20 05:16:48	2008-11-20 05:17:00	103.1148113001293	9.0	-8.0	False	0
52509	['bus']	2008-11-20 05:17:00	2008-11-20 05:17:12	139.90550976684221	12.0	3.0	False	0
52510	['bus']	2008-11-20 05:17:12	2008-11-20 05:17:18	128.47227441764403	21.0	9.0	False	0
52511	['bus']	2008-11-20 05:17:18	2008-11-20 05:17:24	131.2153985918408	22.0	1.0	False	0
52512	['bus']	2008-11-20 05:17:24	2008-11-20 05:17:30	133.94729667701793	22.0	0.0	False	0
52513	['bus']	2008-11-20 05:17:30	2008-11-20 05:17:36	118.33440782618314	20.0	-2.0	False	0
52514	['bus']	2008-11-20 05:17:36	2008-11-20 05:17:48	150.6854801173769	13.0	-7.0	False	0
52515	['bus']	2008-11-20 05:17:48	2008-11-20 05:17:54	100.58641025840404	17.0	4.0	False	0
52516	['bus']	2008-11-20 05:17:54	2008-11-20 05:18:06	133.90212884857408	11.0	-6.0	False	0
52517	['bus']	2008-11-20 05:18:06	2008-11-20 05:18:18	125.88805189670691	10.0	-1.0	False	0
52518	['bus']	2008-11-20 05:18:18	2008-11-20 05:18:46	108.68184965946372	4.0	-6.0	False	0
52519	['bus']	2008-11-20 05:18:46	2008-11-20 05:19:06	123.45776937269046	6.0	2.0	False	0
52520	['bus']	2008-11-20 05:19:06	2008-11-20 05:19:18	105.59141264242713	9.0	3.0	False	0
52521	['bus']	2008-11-20 05:19:18	2008-11-20 05:19:42	102.01759021173118	4.0	-5.0	False	0
52522	['bus']	2008-11-20 05:19:42	2008-11-20 05:20:18	100.65101223003629	3.0	-1.0	False	0
52523	['bus']	2008-11-20 05:20:18	2008-11-20 05:20:26	104.48184004728526	13.0	10.0	False	0
52524	['bus']	2008-11-20 05:20:26	2008-11-20 05:20:32	131.30045432670576	22.0	9.0	False	0
52525	['bus']	2008-11-20 05:20:32	2008-11-20 05:20:38	160.24870419774243	27.0	5.0	False	0
52526	['bus']	2008-11-20 05:20:38	2008-11-20 05:20:44	185.66300773476223	31.0	4.0	False	0
52527	['bus']	2008-11-20 05:20:44	2008-11-20 05:20:50	200.87855464147847	33.0	2.0	False	0
52528	['bus']	2008-11-20 05:20:50	2008-11-20 05:20:56	203.22470294089754	34.0	1.0	False	0
52529	['bus']	2008-11-20 05:20:56	2008-11-20 05:21:02	180.24673422819632	30.0	-4.0	False	0
52530	['bus']	2008-11-20 05:21:02	2008-11-20 05:21:08	123.71483698982573	21.0	-9.0	False	0
52531	['bus']	2008-11-20 05:21:08	2008-11-20 05:21:34	103.96037895582663	4.0	-17.0	False	0
52532	['bus', 'walk']	2008-11-20 05:21:34	2008-11-20 05:21:42	835.1266259568673	104.0	100.0	True	0
