	transMode	startDate	endDate	distance	speed	acceleration	hasChangepoint	hasStopPoint
15278	['bike']	2009-03-17 10:20:58	2009-03-17 10:21:52	100.38246557846696	2.0	-1.0	False	0
15279	['bike']	2009-03-17 10:21:52	2009-03-17 10:22:50	101.94394207087336	2.0	0.0	False	0
15280	['bike']	2009-03-17 10:22:50	2009-03-17 10:23:18	106.49798323536166	4.0	2.0	False	0
15281	['bike']	2009-03-17 10:23:18	2009-03-17 10:23:46	104.86354313292686	4.0	0.0	False	0
15282	['bike']	2009-03-17 10:23:46	2009-03-17 10:24:26	109.9660917335924	3.0	-1.0	False	1
15283	['bike']	2009-03-17 10:24:26	2009-03-17 10:24:50	101.48806440560689	4.0	1.0	False	0
15284	['bike']	2009-03-17 10:24:50	2009-03-17 10:25:14	105.18519896773323	4.0	0.0	False	0
15285	['bike']	2009-03-17 10:25:14	2009-03-17 10:25:38	104.91031212079834	4.0	0.0	False	0
15286	['bike']	2009-03-17 10:25:38	2009-03-17 10:26:02	105.06226614503406	4.0	0.0	False	0
15287	['bike']	2009-03-17 10:26:02	2009-03-17 10:27:20	103.37685187469337	1.0	-3.0	False	1
15288	['bike']	2009-03-17 10:27:20	2009-03-17 10:28:06	102.06280820980746	2.0	1.0	False	0
15289	['bike']	2009-03-17 10:28:06	2009-03-17 10:29:06	100.09450064759027	2.0	0.0	False	0
15290	['bike']	2009-03-17 10:29:06	2009-03-17 10:30:20	101.07187416966578	1.0	-1.0	False	0
15291	['bike']	2009-03-17 10:30:20	2009-03-17 10:31:22	101.65748130740778	2.0	1.0	False	0
15292	['bike']	2009-03-17 10:31:22	2009-03-17 10:32:26	100.17725433500618	2.0	0.0	False	0
15293	['bike']	2009-03-17 10:32:26	2009-03-17 10:33:30	101.03020296096432	2.0	0.0	False	0
15294	['bike']	2009-03-17 10:33:30	2009-03-17 10:38:26	161.90223548273698	1.0	-1.0	False	0
15295	['bike']	2009-03-17 10:38:26	2009-03-17 10:50:57	102.28531309436664	0.0	-1.0	False	0
15296	['bike']	2009-03-17 10:50:57	2009-03-17 10:52:05	102.00535782472993	2.0	2.0	False	0
15297	['bike']	2009-03-17 10:52:05	2009-03-17 10:53:07	101.93655676938612	2.0	0.0	False	0
15298	['bike']	2009-03-17 10:53:07	2009-03-17 10:54:03	101.92923023608319	2.0	0.0	False	0
15299	['bike']	2009-03-17 10:54:03	2009-03-17 10:54:49	101.50198578416938	2.0	0.0	False	0
15300	['bike']	2009-03-17 10:54:49	2009-03-17 10:55:33	101.96704410565526	2.0	0.0	False	0
15301	['bike']	2009-03-17 10:55:33	2009-03-17 10:56:09	105.25856500691307	3.0	1.0	False	0
15302	['bike']	2009-03-17 10:56:09	2009-03-17 10:56:37	108.98177674351736	4.0	1.0	False	0
15303	['bike']	2009-03-17 10:56:37	2009-03-17 10:56:57	100.37896770786807	5.0	1.0	False	0
15304	['bike']	2009-03-17 10:56:57	2009-03-17 10:57:21	109.80009025955417	5.0	0.0	False	0
15305	['bike']	2009-03-17 10:57:21	2009-03-17 10:57:43	106.03267458942248	5.0	0.0	False	0
15306	['bike']	2009-03-17 10:57:43	2009-03-17 10:58:07	103.01525352595114	4.0	-1.0	False	0
15307	['bike']	2009-03-17 10:58:07	2009-03-17 10:58:29	104.9894017882938	5.0	1.0	False	0
15308	['bike']	2009-03-17 10:58:29	2009-03-17 10:59:13	103.87458057907088	2.0	-3.0	False	0
15309	['bike']	2009-03-17 10:59:13	2009-03-17 11:00:25	103.98784725310108	1.0	-1.0	False	0
15310	['bike']	2009-03-17 11:00:25	2009-03-17 11:01:13	105.10121840955175	2.0	1.0	False	0
15311	['bike']	2009-03-17 11:01:13	2009-03-17 11:01:41	105.47986691925593	4.0	2.0	False	0
15312	['bike']	2009-03-17 11:01:41	2009-03-17 11:02:37	100.94374015396426	2.0	-2.0	False	0
15313	['bike']	2009-03-17 11:02:37	2009-03-17 11:03:59	100.65688451775344	1.0	-1.0	False	0
15314	['bike']	2009-03-17 11:03:59	2009-03-17 11:04:19	2528.290410000066	126.0	125.0	False	1
15315	['bike']	2009-03-17 11:04:19	2009-03-17 11:06:23	2495.7454133264605	20.0	-106.0	False	0
15316	['bike']	2009-03-17 11:06:23	2009-03-17 11:06:33	2489.730123519064	249.0	229.0	False	0
15317	['bike']	2009-03-17 11:06:33	2009-03-17 11:09:53	2429.045060926421	12.0	-237.0	False	0
15318	['bike']	2009-03-17 11:09:53	2009-03-17 11:10:49	101.63300433178527	2.0	-10.0	False	0
15319	['bike']	2009-03-17 11:10:49	2009-03-17 11:20:21	123.61420174204879	0.0	-2.0	False	0
15320	['bike']	2009-03-17 11:20:21	2009-03-17 11:20:51	209.37066507336488	7.0	7.0	False	0
15321	['bike']	2009-03-17 11:20:51	2009-03-17 11:21:37	143.03183158004052	3.0	-4.0	False	0
15322	['bike']	2009-03-17 11:21:37	2009-03-17 11:22:03	102.09988418679114	4.0	1.0	False	0
15323	['bike']	2009-03-17 11:22:03	2009-03-17 11:24:57	100.26188998796529	1.0	-3.0	False	0
15324	['bike']	2009-03-17 11:24:57	2009-03-17 11:26:37	102.16624604463298	1.0	0.0	False	2
15325	['bike']	2009-03-17 11:26:37	2009-03-17 11:27:17	101.03723775772245	3.0	2.0	False	0
15326	['bike']	2009-03-17 11:27:17	2009-03-17 11:28:05	100.87252262890294	2.0	-1.0	False	0
15327	['bike']	2009-03-17 11:28:05	2009-03-17 11:29:23	101.17305895943329	1.0	-1.0	False	0
15328	['bike']	2009-03-17 11:29:23	2009-03-17 11:30:51	100.14323121347523	1.0	0.0	False	0
15329	['bike']	2009-03-17 11:30:51	2009-03-17 11:32:05	351.1530380480627	5.0	4.0	False	0
15330	['bike']	2009-03-17 11:32:05	2009-03-17 11:38:29	542.9311989833693	1.0	-4.0	False	0
15331	['bike']	2009-03-17 11:38:29	2009-03-17 11:38:31	294.0143712486767	147.0	146.0	False	0
15332	['bike']	2009-03-17 11:38:31	2009-03-17 11:41:51	101.05198764323312	1.0	-146.0	False	1
15333	['bike']	2009-03-17 11:41:51	2009-03-17 11:43:13	100.3153024330161	1.0	0.0	False	0
15334	['bike']	2009-03-17 11:43:13	2009-03-17 11:43:27	126.00033061760878	9.0	8.0	False	0
15335	['bike']	2009-03-17 11:43:27	2009-03-17 12:00:01	116.06925767414371	0.0	-9.0	False	0
15336	['bike']	2009-03-17 12:00:01	2009-03-17 12:00:13	114.00829511091985	10.0	10.0	False	0
15337	['bike']	2009-03-17 12:00:13	2009-03-17 12:00:23	109.83226321494136	11.0	1.0	False	0
15338	['bike']	2009-03-17 12:00:23	2009-03-17 12:00:41	127.11086704382934	7.0	-4.0	False	0
15339	['bike']	2009-03-17 12:00:41	2009-03-17 12:01:15	105.64671367338313	3.0	-4.0	False	0
15340	['bike']	2009-03-17 12:01:15	2009-03-17 12:02:11	104.63792798654762	2.0	-1.0	False	1
15341	['bike']	2009-03-17 12:02:11	2009-03-17 12:03:07	101.02110218835574	2.0	0.0	False	0
15342	['bike']	2009-03-17 12:03:07	2009-03-17 12:04:57	106.82260420477442	1.0	-1.0	False	0
15343	['bike']	2009-03-17 12:04:57	2009-03-17 12:10:23	101.9226776223372	0.0	-1.0	False	2
15344	['bike']	2009-03-17 12:10:23	2009-03-17 12:11:01	105.29768000868626	3.0	3.0	False	0
15345	['bike']	2009-03-17 12:11:01	2009-03-17 12:11:53	101.52601518304382	2.0	-1.0	False	0
15346	['bike']	2009-03-17 12:11:53	2009-03-17 12:13:07	101.91888766517937	1.0	-1.0	False	0
15347	['bike']	2009-03-17 12:13:07	2009-03-17 12:14:13	100.58559301976496	2.0	1.0	False	0
15348	['bike']	2009-03-17 12:14:13	2009-03-17 12:16:29	102.32471471705888	1.0	-1.0	False	9
15349	['bike']	2009-03-17 12:16:29	2009-03-17 12:17:35	102.30065879799109	2.0	1.0	False	0
15350	['bike']	2009-03-17 12:17:35	2009-03-17 12:18:29	102.63878263557055	2.0	0.0	False	0
15351	['bike']	2009-03-17 12:18:29	2009-03-17 12:19:33	100.93754739270113	2.0	0.0	False	0
15352	['bike']	2009-03-17 12:19:33	2009-03-17 12:21:03	101.09018356008576	1.0	-1.0	False	0
15353	['bike']	2009-03-17 12:21:03	2009-03-17 12:21:57	101.21114338121139	2.0	1.0	False	0
15354	['bike']	2009-03-17 12:21:57	2009-03-17 12:23:01	100.83791535398908	2.0	0.0	False	0
15355	['bike']	2009-03-17 12:23:01	2009-03-17 12:24:01	102.22263792537021	2.0	0.0	False	0
15356	['bike']	2009-03-17 12:24:01	2009-03-17 12:25:11	102.09622080286816	1.0	-1.0	False	0
15357	['bike']	2009-03-17 12:25:11	2009-03-17 12:25:59	102.46870629447476	2.0	1.0	False	0
15358	['bike']	2009-03-17 12:25:59	2009-03-17 12:26:39	100.12705232490607	3.0	1.0	False	0
15359	['bike']	2009-03-17 12:26:39	2009-03-17 12:27:43	101.54120443975809	2.0	-1.0	False	0
15360	['bike']	2009-03-17 12:27:43	2009-03-17 12:28:29	103.64919903197611	2.0	0.0	False	0
15361	['bike']	2009-03-17 12:28:29	2009-03-17 12:29:15	101.530869385921	2.0	0.0	False	0
15362	['bike']	2009-03-17 12:29:15	2009-03-17 12:30:19	102.3931715496031	2.0	0.0	False	0
15363	['bike']	2009-03-17 12:30:19	2009-03-17 12:31:41	139.8772129135162	2.0	0.0	False	0
