	transMode	startDate	endDate	distance	speed	acceleration	hasChangepoint	hasStopPoint
43343	['bus']	2009-08-29 13:34:53	2009-08-29 13:35:25	106.83106954224765	3.0	-3.0	False	0
43344	['bus']	2009-08-29 13:35:25	2009-08-29 13:36:13	100.58833176739589	2.0	-1.0	False	0
43345	['bus']	2009-08-29 13:36:13	2009-08-29 13:37:13	103.50626270788294	2.0	0.0	False	0
43346	['bus']	2009-08-29 13:37:13	2009-08-29 13:38:05	105.71290712350427	2.0	0.0	False	0
43347	['bus']	2009-08-29 13:38:05	2009-08-29 13:38:15	107.12691671375258	11.0	9.0	False	0
43348	['bus']	2009-08-29 13:38:15	2009-08-29 13:38:21	107.65037749440773	18.0	7.0	False	0
43349	['bus']	2009-08-29 13:38:21	2009-08-29 13:38:25	104.08394828562109	26.0	8.0	False	0
43350	['bus']	2009-08-29 13:38:25	2009-08-29 13:38:29	100.97508549528405	25.0	-1.0	False	0
43351	['bus']	2009-08-29 13:38:29	2009-08-29 13:38:33	102.2706033634385	26.0	1.0	False	0
43352	['bus']	2009-08-29 13:38:33	2009-08-29 13:38:37	110.89252749948437	28.0	2.0	False	0
43353	['bus']	2009-08-29 13:38:37	2009-08-29 13:38:41	108.08370775437112	27.0	-1.0	False	0
43354	['bus']	2009-08-29 13:38:41	2009-08-29 13:38:47	124.56436229425634	21.0	-6.0	False	0
43355	['bus']	2009-08-29 13:38:47	2009-08-29 13:38:55	120.81400720314032	15.0	-6.0	False	0
43356	['bus']	2009-08-29 13:38:55	2009-08-29 13:39:03	107.9023277869854	13.0	-2.0	False	0
43357	['bus']	2009-08-29 13:39:03	2009-08-29 13:39:23	101.9417448985191	5.0	-8.0	False	0
43358	['bus']	2009-08-29 13:39:23	2009-08-29 13:39:29	105.79509289601057	18.0	13.0	False	0
43359	['bus']	2009-08-29 13:39:29	2009-08-29 13:39:35	124.45136907036411	21.0	3.0	False	0
43360	['bus']	2009-08-29 13:39:35	2009-08-29 13:39:39	105.09557907430842	26.0	5.0	False	0
43361	['bus']	2009-08-29 13:39:39	2009-08-29 13:39:43	112.89190827221947	28.0	2.0	False	0
43362	['bus']	2009-08-29 13:39:43	2009-08-29 13:39:47	115.42497340925975	29.0	1.0	False	0
43363	['bus']	2009-08-29 13:39:47	2009-08-29 13:39:51	117.76814834826776	29.0	0.0	False	0
43364	['bus']	2009-08-29 13:39:51	2009-08-29 13:39:55	113.20143463757577	28.0	-1.0	False	0
43365	['bus']	2009-08-29 13:39:55	2009-08-29 13:39:59	107.52807757401212	27.0	-1.0	False	0
43366	['bus']	2009-08-29 13:39:59	2009-08-29 13:40:05	119.45682167598436	20.0	-7.0	False	0
43367	['bus']	2009-08-29 13:40:05	2009-08-29 13:40:11	110.86633408880459	18.0	-2.0	False	0
43368	['bus']	2009-08-29 13:40:11	2009-08-29 13:40:17	103.30836571619736	17.0	-1.0	False	0
43369	['bus']	2009-08-29 13:40:17	2009-08-29 13:40:41	107.09391630431045	4.0	-13.0	False	0
43370	['bus']	2009-08-29 13:40:41	2009-08-29 13:40:49	106.0765122888298	13.0	9.0	False	0
43371	['bus']	2009-08-29 13:40:49	2009-08-29 13:40:55	104.65323086127904	17.0	4.0	False	0
43372	['bus']	2009-08-29 13:40:55	2009-08-29 13:41:03	123.34740373912902	15.0	-2.0	False	0
43373	['bus']	2009-08-29 13:41:03	2009-08-29 13:41:09	101.64711057457195	17.0	2.0	False	0
43374	['bus']	2009-08-29 13:41:09	2009-08-29 13:41:15	107.90761244699222	18.0	1.0	False	0
43375	['bus']	2009-08-29 13:41:15	2009-08-29 13:41:21	105.57660135728952	18.0	0.0	False	0
43376	['bus']	2009-08-29 13:41:21	2009-08-29 13:41:27	106.37620491000426	18.0	0.0	False	0
43377	['bus']	2009-08-29 13:41:27	2009-08-29 13:41:33	107.48001776625142	18.0	0.0	False	0
43378	['bus']	2009-08-29 13:41:33	2009-08-29 13:41:39	104.12962090447326	17.0	-1.0	False	0
43379	['bus']	2009-08-29 13:41:39	2009-08-29 13:41:47	115.42620181824766	14.0	-3.0	False	0
43380	['bus']	2009-08-29 13:41:47	2009-08-29 13:41:55	102.18924765548937	13.0	-1.0	False	0
43381	['bus']	2009-08-29 13:41:55	2009-08-29 13:42:27	110.47792073329423	3.0	-10.0	False	0
43382	['bus']	2009-08-29 13:42:27	2009-08-29 13:43:35	111.21185190102815	2.0	-1.0	False	0
43383	['bus']	2009-08-29 13:43:35	2009-08-29 13:43:45	115.99707070113928	12.0	10.0	False	0
43384	['bus']	2009-08-29 13:43:45	2009-08-29 13:43:59	104.1195932463434	7.0	-5.0	False	0
43385	['bus']	2009-08-29 13:43:59	2009-08-29 13:44:21	121.80283921037933	6.0	-1.0	False	0
43386	['bus']	2009-08-29 13:44:21	2009-08-29 13:44:29	126.95285286902745	16.0	10.0	False	0
43387	['bus']	2009-08-29 13:44:29	2009-08-29 13:44:35	109.15808984384232	18.0	2.0	False	0
43388	['bus']	2009-08-29 13:44:35	2009-08-29 13:44:43	119.65827511505917	15.0	-3.0	False	0
43389	['bus']	2009-08-29 13:44:43	2009-08-29 13:44:51	111.09345949964978	14.0	-1.0	False	0
43390	['bus']	2009-08-29 13:44:51	2009-08-29 13:44:59	100.33005021657385	13.0	-1.0	False	0
43391	['bus']	2009-08-29 13:44:59	2009-08-29 13:45:11	111.54672973156481	9.0	-4.0	False	0
43392	['bus']	2009-08-29 13:45:11	2009-08-29 13:45:27	108.48373188563971	7.0	-2.0	False	0
43393	['bus']	2009-08-29 13:45:27	2009-08-29 13:45:57	102.8004110319172	3.0	-4.0	False	0
43394	['bus']	2009-08-29 13:45:57	2009-08-29 13:46:25	105.85252443075156	4.0	1.0	False	0
43395	['bus']	2009-08-29 13:46:25	2009-08-29 13:46:55	103.28958293157893	3.0	-1.0	False	0
43396	['bus']	2009-08-29 13:46:55	2009-08-29 13:47:47	101.20516846743631	2.0	-1.0	False	1
43397	['bus']	2009-08-29 13:47:47	2009-08-29 13:48:17	100.0696398551106	3.0	1.0	False	0
43398	['bus']	2009-08-29 13:48:17	2009-08-29 13:48:47	109.20821498855567	4.0	1.0	False	0
43399	['bus']	2009-08-29 13:48:47	2009-08-29 13:48:57	104.89662052228175	10.0	6.0	False	0
43400	['bus']	2009-08-29 13:48:57	2009-08-29 13:49:07	120.56339494875927	12.0	2.0	False	0
43401	['bus']	2009-08-29 13:49:07	2009-08-29 13:49:17	111.02325957985585	11.0	-1.0	False	0
43402	['bus']	2009-08-29 13:49:17	2009-08-29 13:49:45	105.79389267688597	4.0	-7.0	False	0
43403	['bus']	2009-08-29 13:49:45	2009-08-29 13:49:55	114.32529138691659	11.0	7.0	False	0
43404	['bus']	2009-08-29 13:49:55	2009-08-29 13:50:03	126.77835647075989	16.0	5.0	False	0
43405	['bus']	2009-08-29 13:50:03	2009-08-29 13:50:09	112.81058110217765	19.0	3.0	False	0
43406	['bus']	2009-08-29 13:50:09	2009-08-29 13:50:15	116.68525836856105	19.0	0.0	False	0
43407	['bus']	2009-08-29 13:50:15	2009-08-29 13:50:21	116.76735937205191	19.0	0.0	False	0
43408	['bus']	2009-08-29 13:50:21	2009-08-29 13:50:27	116.34103758053342	19.0	0.0	False	0
43409	['bus']	2009-08-29 13:50:27	2009-08-29 13:50:33	115.87784702765566	19.0	0.0	False	0
43410	['bus']	2009-08-29 13:50:33	2009-08-29 13:50:39	115.10539952223697	19.0	0.0	False	0
43411	['bus']	2009-08-29 13:50:39	2009-08-29 13:50:45	113.68427220952954	19.0	0.0	False	0
43412	['bus']	2009-08-29 13:50:45	2009-08-29 13:50:51	101.43390810459553	17.0	-2.0	False	0
43413	['bus']	2009-08-29 13:50:51	2009-08-29 13:50:59	120.43961304759677	15.0	-2.0	False	0
43414	['bus']	2009-08-29 13:50:59	2009-08-29 13:51:07	118.98943242161154	15.0	0.0	False	0
43415	['bus']	2009-08-29 13:51:07	2009-08-29 13:51:31	100.74919060584162	4.0	-11.0	False	0
43416	['bus']	2009-08-29 13:51:31	2009-08-29 13:51:51	104.41639636321156	5.0	1.0	False	0
43417	['bus']	2009-08-29 13:51:51	2009-08-29 13:52:41	113.5632779115733	2.0	-3.0	False	0
43418	['bus']	2009-08-29 13:52:41	2009-08-29 13:52:51	109.11711443317998	11.0	9.0	False	0
43419	['bus']	2009-08-29 13:52:51	2009-08-29 13:52:59	106.25748623629327	13.0	2.0	False	0
43420	['bus']	2009-08-29 13:52:59	2009-08-29 13:53:07	119.47183117312485	15.0	2.0	False	0
43421	['bus']	2009-08-29 13:53:07	2009-08-29 13:53:15	121.47936469996237	15.0	0.0	False	0
43422	['bus']	2009-08-29 13:53:15	2009-08-29 13:53:23	123.97416694660278	15.0	0.0	False	0
43423	['bus']	2009-08-29 13:53:23	2009-08-29 13:53:31	116.47299064213003	15.0	0.0	False	0
43424	['bus']	2009-08-29 13:53:31	2009-08-29 13:53:41	109.02988620798489	11.0	-4.0	False	0
43425	['bus']	2009-08-29 13:53:41	2009-08-29 13:53:53	107.43788696657764	9.0	-2.0	False	0
43426	['bus']	2009-08-29 13:53:53	2009-08-29 13:54:03	101.95278605993676	10.0	1.0	False	0
43427	['bus']	2009-08-29 13:54:03	2009-08-29 13:54:13	103.34519398418172	10.0	0.0	False	0
43428	['bus']	2009-08-29 13:54:13	2009-08-29 13:54:21	118.79507438183197	15.0	5.0	False	0
43429	['bus']	2009-08-29 13:54:21	2009-08-29 13:54:29	113.39596099665842	14.0	-1.0	False	0
43430	['bus']	2009-08-29 13:54:29	2009-08-29 13:54:37	111.06511324562449	14.0	0.0	False	0
43431	['bus']	2009-08-29 13:54:37	2009-08-29 13:54:45	101.66357308361495	13.0	-1.0	False	0
43432	['bus']	2009-08-29 13:54:45	2009-08-29 13:54:53	117.65919312609209	15.0	2.0	False	0
43433	['bus']	2009-08-29 13:54:53	2009-08-29 13:54:59	110.54597813221683	18.0	3.0	False	0
43434	['bus']	2009-08-29 13:54:59	2009-08-29 13:55:05	104.53829981591352	17.0	-1.0	False	0
43435	['bus']	2009-08-29 13:55:05	2009-08-29 13:55:37	107.70172644839606	3.0	-14.0	False	0
43436	['bus']	2009-08-29 13:55:37	2009-08-29 13:55:51	113.56719384797783	8.0	5.0	False	0
43437	['bus']	2009-08-29 13:55:51	2009-08-29 13:55:59	102.38025713766214	13.0	5.0	False	0
43438	['bus']	2009-08-29 13:55:59	2009-08-29 13:56:07	102.25628860571526	13.0	0.0	False	0
43439	['bus']	2009-08-29 13:56:07	2009-08-29 13:56:17	116.32311803693842	12.0	-1.0	False	0
43440	['bus']	2009-08-29 13:56:17	2009-08-29 13:56:27	111.80636116409642	11.0	-1.0	False	0
43441	['bus']	2009-08-29 13:56:27	2009-08-29 13:56:55	101.61023380093287	4.0	-7.0	False	1
43442	['bus']	2009-08-29 13:56:55	2009-08-29 13:57:09	116.41296130471989	8.0	4.0	False	0
43443	['bus']	2009-08-29 13:57:09	2009-08-29 13:57:19	106.34762399715291	11.0	3.0	False	0
43444	['bus']	2009-08-29 13:57:19	2009-08-29 13:57:29	108.21358115705698	11.0	0.0	False	0
43445	['bus']	2009-08-29 13:57:29	2009-08-29 13:57:37	102.52874287991168	13.0	2.0	False	0
43446	['bus']	2009-08-29 13:57:37	2009-08-29 13:57:45	110.55606791083076	14.0	1.0	False	0
43447	['bus']	2009-08-29 13:57:45	2009-08-29 13:57:51	187.26834752308667	31.0	17.0	False	0
43448	['bus']	2009-08-29 13:57:51	2009-08-29 13:58:01	145.30237462198673	15.0	-16.0	False	0
43449	['bus']	2009-08-29 13:58:01	2009-08-29 13:58:09	107.0016702991006	13.0	-2.0	False	0
43450	['bus']	2009-08-29 13:58:09	2009-08-29 13:58:17	100.41624227909013	13.0	0.0	False	0
43451	['bus']	2009-08-29 13:58:17	2009-08-29 13:58:27	114.64795455428145	11.0	-2.0	False	0
43452	['bus']	2009-08-29 13:58:27	2009-08-29 13:58:37	117.88256502011461	12.0	1.0	False	0
43453	['bus']	2009-08-29 13:58:37	2009-08-29 13:58:45	101.76244953810067	13.0	1.0	False	0
43454	['bus']	2009-08-29 13:58:45	2009-08-29 13:58:53	101.38410322628789	13.0	0.0	False	0
43455	['bus']	2009-08-29 13:58:53	2009-08-29 13:59:01	100.67325576585316	13.0	0.0	False	0
43456	['bus']	2009-08-29 13:59:01	2009-08-29 13:59:11	112.00533309815962	11.0	-2.0	False	0
43457	['bus']	2009-08-29 13:59:11	2009-08-29 13:59:21	102.00892796636106	10.0	-1.0	False	0
43458	['bus']	2009-08-29 13:59:21	2009-08-29 13:59:35	106.11373193300219	8.0	-2.0	False	0
43459	['bus']	2009-08-29 13:59:35	2009-08-29 14:00:09	111.24502924139568	3.0	-5.0	False	0
43460	['bus']	2009-08-29 14:00:09	2009-08-29 14:00:23	110.3153071716981	8.0	5.0	False	0
43461	['bus']	2009-08-29 14:00:23	2009-08-29 14:00:33	102.4605234810673	10.0	2.0	False	0
43462	['bus']	2009-08-29 14:00:33	2009-08-29 14:00:41	106.52980083225965	13.0	3.0	False	0
43463	['bus']	2009-08-29 14:00:41	2009-08-29 14:00:49	102.20436339375514	13.0	0.0	False	0
43464	['bus']	2009-08-29 14:00:49	2009-08-29 14:00:57	104.89112259042406	13.0	0.0	False	0
43465	['bus']	2009-08-29 14:00:57	2009-08-29 14:01:05	102.51205164353512	13.0	0.0	False	0
43466	['bus']	2009-08-29 14:01:05	2009-08-29 14:01:17	113.17080270189192	9.0	-4.0	False	0
43467	['bus']	2009-08-29 14:01:17	2009-08-29 14:01:29	108.14340303179256	9.0	0.0	False	0
43468	['bus']	2009-08-29 14:01:29	2009-08-29 14:01:39	116.36821717730083	12.0	3.0	False	0
43469	['bus']	2009-08-29 14:01:39	2009-08-29 14:01:49	116.08367025223342	12.0	0.0	False	0
43470	['bus']	2009-08-29 14:01:49	2009-08-29 14:02:01	112.0803384601388	9.0	-3.0	False	0
43471	['bus']	2009-08-29 14:02:01	2009-08-29 14:02:13	104.04122392238203	9.0	0.0	False	0
43472	['bus']	2009-08-29 14:02:13	2009-08-29 14:02:23	107.14356480474912	11.0	2.0	False	0
43473	['bus']	2009-08-29 14:02:23	2009-08-29 14:02:33	112.06249338545818	11.0	0.0	False	0
43474	['bus']	2009-08-29 14:02:33	2009-08-29 14:03:09	109.04965132380566	3.0	-8.0	False	0
43475	['bus']	2009-08-29 14:03:09	2009-08-29 14:03:23	107.70628326767338	8.0	5.0	False	0
43476	['bus']	2009-08-29 14:03:23	2009-08-29 14:03:37	113.1202454754846	8.0	0.0	False	0
43477	['bus']	2009-08-29 14:03:37	2009-08-29 14:03:45	100.17432136813383	13.0	5.0	False	0
43478	['bus']	2009-08-29 14:03:45	2009-08-29 14:03:55	102.92219021106054	10.0	-3.0	False	0
43479	['bus']	2009-08-29 14:03:55	2009-08-29 14:04:05	103.4139642217849	10.0	0.0	False	0
43480	['bus']	2009-08-29 14:04:05	2009-08-29 14:04:15	107.35798952124202	11.0	1.0	False	0
43481	['bus']	2009-08-29 14:04:15	2009-08-29 14:04:25	104.68688878357999	10.0	-1.0	False	0
43482	['bus']	2009-08-29 14:04:25	2009-08-29 14:04:35	112.59265552454896	11.0	1.0	False	0
43483	['bus']	2009-08-29 14:04:35	2009-08-29 14:04:47	112.1744177813277	9.0	-2.0	False	0
43484	['bus']	2009-08-29 14:04:47	2009-08-29 14:05:09	102.2563116980438	5.0	-4.0	False	0
43485	['bus']	2009-08-29 14:05:09	2009-08-29 14:05:45	100.95673477289921	3.0	-2.0	False	0
43486	['bus']	2009-08-29 14:05:45	2009-08-29 14:06:25	104.45942732255442	3.0	0.0	False	0
43487	['bus']	2009-08-29 14:06:25	2009-08-29 14:06:51	104.62301595612303	4.0	1.0	False	0
43488	['bus']	2009-08-29 14:06:51	2009-08-29 14:07:03	115.76863419831433	10.0	6.0	False	0
43489	['bus']	2009-08-29 14:07:03	2009-08-29 14:07:21	108.0768845292448	6.0	-4.0	False	0
43490	['bus']	2009-08-29 14:07:21	2009-08-29 14:08:29	100.74058514982244	1.0	-5.0	False	0
43491	['bus']	2009-08-29 14:08:29	2009-08-29 14:09:35	100.04958841237489	2.0	1.0	False	0
43492	['bus']	2009-08-29 14:09:35	2009-08-29 14:11:09	100.73277968183523	1.0	-1.0	False	0
43493	['bus']	2009-08-29 14:11:09	2009-08-29 14:12:43	100.58558147725674	1.0	0.0	False	0
43494	['bus']	2009-08-29 14:12:43	2009-08-29 14:14:23	103.47092356567582	1.0	0.0	False	0
43495	['bus']	2009-08-29 14:14:23	2009-08-29 14:15:55	106.56167845192017	1.0	0.0	False	0
43496	['bus']	2009-08-29 14:15:55	2009-08-29 14:16:13	157.6126643166225	9.0	8.0	False	0
