	transMode	startDate	endDate	distance	speed	acceleration	hasChangepoint	hasStopPoint
11077	['bike']	2009-01-08 23:51:11	2009-01-08 23:52:11	100.26618100649164	2.0	-5.0	False	0
11078	['bike']	2009-01-08 23:52:11	2009-01-08 23:53:17	100.7522470205324	2.0	0.0	False	0
11079	['bike']	2009-01-08 23:53:17	2009-01-08 23:54:23	103.83311914739583	2.0	0.0	False	0
11080	['bike']	2009-01-08 23:54:23	2009-01-08 23:55:19	102.55680425251057	2.0	0.0	False	0
11081	['bike']	2009-01-08 23:55:19	2009-01-08 23:55:59	100.28969358347285	3.0	1.0	False	0
11082	['bike']	2009-01-08 23:55:59	2009-01-08 23:56:57	102.93291819409647	2.0	-1.0	False	0
11083	['bike']	2009-01-08 23:56:57	2009-01-08 23:57:57	103.12787891399944	2.0	0.0	False	0
11084	['bike']	2009-01-08 23:57:57	2009-01-08 23:59:07	102.6246428219553	1.0	-1.0	False	0
11085	['bike']	2009-01-08 23:59:07	2009-01-09 00:00:05	101.8847215628919	2.0	1.0	False	0
11086	['bike']	2009-01-09 00:00:05	2009-01-09 00:00:53	101.43923081321958	2.0	0.0	False	0
11087	['bike']	2009-01-09 00:00:53	2009-01-09 00:01:49	100.3987585228912	2.0	0.0	False	0
11088	['bike']	2009-01-09 00:01:49	2009-01-09 00:02:41	101.8801302611262	2.0	0.0	False	0
11089	['bike']	2009-01-09 00:02:41	2009-01-09 00:03:37	102.98395128500503	2.0	0.0	False	0
11090	['bike']	2009-01-09 00:03:37	2009-01-09 00:04:27	101.20209926063762	2.0	0.0	False	0
11091	['bike']	2009-01-09 00:04:27	2009-01-09 00:05:29	104.09248176301627	2.0	0.0	False	0
11092	['bike']	2009-01-09 00:05:29	2009-01-09 00:06:03	101.41405877806928	3.0	1.0	False	0
11093	['bike']	2009-01-09 00:06:03	2009-01-09 00:06:23	101.55694645184026	5.0	2.0	False	0
11094	['bike']	2009-01-09 00:06:23	2009-01-09 00:06:47	108.0859926516566	5.0	0.0	False	0
11095	['bike']	2009-01-09 00:06:47	2009-01-09 00:07:03	208.04039459594156	13.0	8.0	False	0
11096	['bike']	2009-01-09 00:07:03	2009-01-09 00:07:07	134.79330747301472	34.0	21.0	False	0
11097	['bike']	2009-01-09 00:07:07	2009-01-09 00:07:51	102.15437223928082	2.0	-32.0	False	0
11098	['bike']	2009-01-09 00:07:51	2009-01-09 00:08:27	100.09328065836785	3.0	1.0	False	0
11099	['bike']	2009-01-09 00:08:27	2009-01-09 00:12:25	500.90560792736284	2.0	-1.0	False	0
11100	['bike']	2009-01-09 00:12:25	2009-01-09 00:16:27	434.7161119764045	2.0	0.0	False	0
11101	['bike']	2009-01-09 00:16:27	2009-01-09 00:16:29	256.21615497470594	128.0	126.0	False	0
11102	['bike']	2009-01-09 00:16:29	2009-01-09 00:16:33	269.14103898841773	67.0	-61.0	False	0
11103	['bike']	2009-01-09 00:16:33	2009-01-09 00:16:51	119.47489901320924	7.0	-60.0	False	0
11104	['bike']	2009-01-09 00:16:51	2009-01-09 00:18:07	100.34233171435622	1.0	-6.0	False	1
11105	['bike']	2009-01-09 00:18:07	2009-01-09 00:18:55	102.09140961397692	2.0	1.0	False	0
11106	['bike']	2009-01-09 00:18:55	2009-01-09 00:19:25	120.34357760704467	4.0	2.0	False	0
11107	['bike']	2009-01-09 00:19:25	2009-01-09 00:19:43	101.81398410200853	6.0	2.0	False	0
11108	['bike']	2009-01-09 00:19:43	2009-01-09 05:56:47	101.018846919473	0.0	-6.0	False	0
11109	['bike']	2009-01-09 05:56:47	2009-01-09 05:57:37	101.33594888269614	2.0	2.0	False	0
11110	['bike']	2009-01-09 05:57:37	2009-01-09 05:58:03	101.34865597982568	4.0	2.0	False	0
11111	['bike']	2009-01-09 05:58:03	2009-01-09 05:58:51	100.04909416105734	2.0	-2.0	False	0
11112	['bike']	2009-01-09 05:58:51	2009-01-09 06:00:21	100.65149988387493	1.0	-1.0	False	2
11113	['bike']	2009-01-09 06:00:21	2009-01-09 06:01:27	101.48970079212337	2.0	1.0	False	0
11114	['bike']	2009-01-09 06:01:27	2009-01-09 06:02:29	102.19620945034899	2.0	0.0	False	0
11115	['bike']	2009-01-09 06:02:29	2009-01-09 06:03:29	103.66294939218906	2.0	0.0	False	0
11116	['bike']	2009-01-09 06:03:29	2009-01-09 06:04:17	102.23348954508646	2.0	0.0	False	0
11117	['bike']	2009-01-09 06:04:17	2009-01-09 06:05:17	103.34298177169681	2.0	0.0	False	0
11118	['bike']	2009-01-09 06:05:17	2009-01-09 06:06:15	102.85090921124066	2.0	0.0	False	0
11119	['bike']	2009-01-09 06:06:15	2009-01-09 06:06:57	107.51129328727575	3.0	1.0	False	0
11120	['bike']	2009-01-09 06:06:57	2009-01-09 06:07:51	100.39738003229546	2.0	-1.0	False	0
11121	['bike']	2009-01-09 06:07:51	2009-01-09 06:08:43	104.77010005179778	2.0	0.0	False	0
11122	['bike']	2009-01-09 06:08:43	2009-01-09 06:09:37	101.17004241595735	2.0	0.0	False	0
11123	['bike']	2009-01-09 06:09:37	2009-01-09 06:10:23	107.21517151114777	2.0	0.0	False	1
11124	['bike']	2009-01-09 06:10:23	2009-01-09 06:10:57	101.57808571015315	3.0	1.0	False	0
11125	['bike']	2009-01-09 06:10:57	2009-01-09 06:12:07	102.54804353558337	1.0	-2.0	False	0
11126	['bike']	2009-01-09 06:12:07	2009-01-09 06:12:43	103.26414815981832	3.0	2.0	False	0
11127	['bike']	2009-01-09 06:12:43	2009-01-09 06:13:35	101.86270027973103	2.0	-1.0	False	0
11128	['bike']	2009-01-09 06:13:35	2009-01-09 06:14:37	102.28858256298031	2.0	0.0	False	0
11129	['bike']	2009-01-09 06:14:37	2009-01-09 06:15:37	103.61415625645654	2.0	0.0	False	0
11130	['bike']	2009-01-09 06:15:37	2009-01-09 06:16:25	105.97991915906714	2.0	0.0	False	0
11131	['bike']	2009-01-09 06:16:25	2009-01-09 06:17:43	100.66822061691549	1.0	-1.0	False	2
11132	['bike']	2009-01-09 06:17:43	2009-01-09 06:18:53	101.39042032045558	1.0	0.0	False	0
11133	['bike']	2009-01-09 06:18:53	2009-01-09 06:19:51	100.19414405868153	2.0	1.0	False	0
11134	['bike']	2009-01-09 06:19:51	2009-01-09 06:20:29	100.2121288173305	3.0	1.0	False	0
11135	['bike']	2009-01-09 06:20:29	2009-01-09 06:24:25	104.45918256574764	0.0	-3.0	False	0
11136	['bike']	2009-01-09 06:24:25	2009-01-09 06:27:23	100.82317508495794	1.0	1.0	False	0
11137	['bike']	2009-01-09 06:27:23	2009-01-09 06:28:49	117.16221405389174	1.0	0.0	False	0
11138	['bike']	2009-01-09 06:28:49	2009-01-09 06:31:55	101.11745858808264	1.0	0.0	False	1
11139	['bike']	2009-01-09 06:31:55	2009-01-09 06:47:35	101.54969422536537	0.0	-1.0	False	1
11140	['bike']	2009-01-09 06:47:35	2009-01-09 06:49:15	103.38140723586392	1.0	1.0	False	0
11141	['bike']	2009-01-09 06:49:15	2009-01-09 06:50:31	104.47409824883714	1.0	0.0	False	0
11142	['bike']	2009-01-09 06:50:31	2009-01-09 06:51:49	101.87449736184759	1.0	0.0	False	0
11143	['bike']	2009-01-09 06:51:49	2009-01-09 06:52:41	101.53817779552125	2.0	1.0	False	0
11144	['bike']	2009-01-09 06:52:41	2009-01-09 06:54:33	104.65080612990396	1.0	-1.0	False	0
11145	['bike']	2009-01-09 06:54:33	2009-01-09 06:55:31	103.33998669145691	2.0	1.0	False	0
11146	['bike']	2009-01-09 06:55:31	2009-01-09 06:56:21	101.78655796098117	2.0	0.0	False	0
11147	['bike']	2009-01-09 06:56:21	2009-01-09 06:57:09	103.05100303226453	2.0	0.0	False	0
11148	['bike']	2009-01-09 06:57:09	2009-01-09 06:58:05	102.33940688219971	2.0	0.0	False	0
11149	['bike']	2009-01-09 06:58:05	2009-01-09 07:01:05	100.19991416986478	1.0	-1.0	False	6
11150	['bike']	2009-01-09 07:01:05	2009-01-09 07:02:09	167.19658474166545	3.0	2.0	False	0
11151	['bike']	2009-01-09 07:02:09	2009-01-09 07:04:57	224.96751004267662	1.0	-2.0	False	0
11152	['bike']	2009-01-09 07:04:57	2009-01-09 07:04:59	147.47345456944416	74.0	73.0	False	0
11153	['bike']	2009-01-09 07:04:59	2009-01-09 07:14:01	100.1177600066578	0.0	-74.0	False	1
11154	['bike']	2009-01-09 07:14:01	2009-01-09 07:43:55	100.34795609907826	0.0	0.0	False	2
11155	['bike']	2009-01-09 07:43:55	2009-01-09 07:49:33	102.08474863996922	0.0	0.0	False	5
11156	['bike']	2009-01-09 07:49:33	2009-01-09 07:52:41	102.07941915776827	1.0	1.0	False	2
11157	['bike']	2009-01-09 07:52:41	2009-01-09 07:54:23	100.62889814890869	1.0	0.0	False	0
11158	['bike']	2009-01-09 07:54:23	2009-01-09 07:56:59	100.96861507970853	1.0	0.0	False	2
11159	['bike']	2009-01-09 07:56:59	2009-01-09 08:01:03	100.07764070681485	0.0	-1.0	False	2
11160	['bike']	2009-01-09 08:01:03	2009-01-09 08:03:16	101.52833437693961	1.0	1.0	False	2
11161	['bike']	2009-01-09 08:03:16	2009-01-09 08:06:24	100.18568245479253	1.0	0.0	False	3
11162	['bike']	2009-01-09 08:06:24	2009-01-09 08:11:42	102.01822462478856	0.0	-1.0	False	2
11163	['bike']	2009-01-09 08:11:42	2009-01-09 08:15:42	125.3719380541001	1.0	1.0	False	2
