	transMode	startDate	endDate	distance	speed	acceleration	hasChangepoint	hasStopPoint
3759	['walk']	2008-10-20 05:46:33	2008-10-20 05:47:41	100.95265380278805	1.0	-1.0	False	0
3760	['walk']	2008-10-20 05:47:41	2008-10-20 05:48:37	100.89996283158496	2.0	1.0	False	0
3761	['walk']	2008-10-20 05:48:37	2008-10-20 05:49:47	102.5839655306719	1.0	-1.0	False	0
3762	['walk']	2008-10-20 05:49:47	2008-10-20 05:50:39	100.82599556407489	2.0	1.0	False	0
3763	['walk']	2008-10-20 05:50:39	2008-10-20 05:51:45	101.52045532141271	2.0	0.0	False	0
3764	['walk', 'bus']	2008-10-20 05:51:45	2008-10-20 05:54:53	111.40282043562087	1.0	-1.0	True	0
3765	['bus']	2008-10-20 05:54:53	2008-10-20 05:55:01	124.58722953066643	16.0	15.0	False	0
3766	['bus']	2008-10-20 05:55:01	2008-10-20 05:55:05	100.98638852103358	25.0	9.0	False	0
3767	['bus']	2008-10-20 05:55:05	2008-10-20 05:55:13	114.19118844641156	14.0	-11.0	False	0
3768	['bus']	2008-10-20 05:55:13	2008-10-20 05:55:21	101.33659451270944	13.0	-1.0	False	0
3769	['bus']	2008-10-20 05:55:21	2008-10-20 05:55:27	111.89166274382639	19.0	6.0	False	0
3770	['bus']	2008-10-20 05:55:27	2008-10-20 05:55:33	118.48963882602303	20.0	1.0	False	0
3771	['bus']	2008-10-20 05:55:33	2008-10-20 05:55:41	126.95781104999921	16.0	-4.0	False	0
3772	['bus']	2008-10-20 05:55:41	2008-10-20 05:55:47	127.6001563582447	21.0	5.0	False	0
3773	['bus']	2008-10-20 05:55:47	2008-10-20 05:55:51	110.34756918019607	28.0	7.0	False	0
3774	['bus']	2008-10-20 05:55:51	2008-10-20 05:55:55	120.43330926785363	30.0	2.0	False	0
3775	['bus']	2008-10-20 05:55:55	2008-10-20 05:55:59	125.10980646558497	31.0	1.0	False	0
3776	['bus']	2008-10-20 05:55:59	2008-10-20 05:56:03	104.75959215233982	26.0	-5.0	False	0
3777	['bus']	2008-10-20 05:56:03	2008-10-20 05:56:09	113.97892191132371	19.0	-7.0	False	0
3778	['bus']	2008-10-20 05:56:09	2008-10-20 05:56:17	116.18716711694253	15.0	-4.0	False	0
3779	['bus']	2008-10-20 05:56:17	2008-10-20 05:56:25	103.371282926735	13.0	-2.0	False	0
3780	['bus']	2008-10-20 05:56:25	2008-10-20 05:56:33	108.22833611304812	14.0	1.0	False	0
3781	['bus']	2008-10-20 05:56:33	2008-10-20 05:56:39	106.80646534037533	18.0	4.0	False	0
3782	['bus']	2008-10-20 05:56:39	2008-10-20 05:56:45	103.78324822726427	17.0	-1.0	False	0
3783	['bus']	2008-10-20 05:56:45	2008-10-20 05:56:51	105.98551048831709	18.0	1.0	False	0
3784	['bus']	2008-10-20 05:56:51	2008-10-20 05:56:57	118.25915116585732	20.0	2.0	False	0
3785	['bus']	2008-10-20 05:56:57	2008-10-20 05:57:13	102.81582523341876	6.0	-14.0	False	0
3786	['bus']	2008-10-20 05:57:13	2008-10-20 05:57:39	110.7785288831591	4.0	-2.0	False	0
3787	['bus']	2008-10-20 05:57:39	2008-10-20 05:57:45	113.41971407317979	19.0	15.0	False	0
3788	['bus']	2008-10-20 05:57:45	2008-10-20 05:57:51	118.47008332726173	20.0	1.0	False	0
3789	['bus']	2008-10-20 05:57:51	2008-10-20 05:57:57	110.6010293364583	18.0	-2.0	False	0
3790	['bus']	2008-10-20 05:57:57	2008-10-20 05:58:03	103.21110540230177	17.0	-1.0	False	0
3791	['bus']	2008-10-20 05:58:03	2008-10-20 05:58:11	113.28857645995555	14.0	-3.0	False	0
3792	['bus']	2008-10-20 05:58:11	2008-10-20 05:58:19	107.93597529735499	13.0	-1.0	False	0
3793	['bus']	2008-10-20 05:58:19	2008-10-20 05:58:29	111.26266965825974	11.0	-2.0	False	0
3794	['bus']	2008-10-20 05:58:29	2008-10-20 05:58:45	109.25278439907491	7.0	-4.0	False	0
3795	['bus']	2008-10-20 05:58:45	2008-10-20 05:59:01	104.1562679033725	7.0	0.0	False	0
3796	['bus']	2008-10-20 05:59:01	2008-10-20 05:59:11	115.38484296746356	12.0	5.0	False	0
3797	['bus']	2008-10-20 05:59:11	2008-10-20 05:59:19	111.23281190469382	14.0	2.0	False	0
3798	['bus']	2008-10-20 05:59:19	2008-10-20 05:59:33	101.49558869275128	7.0	-7.0	False	0
3799	['bus']	2008-10-20 05:59:33	2008-10-20 05:59:53	103.20328819834796	5.0	-2.0	False	0
3800	['bus']	2008-10-20 05:59:53	2008-10-20 06:00:01	113.64120829195156	14.0	9.0	False	0
3801	['bus']	2008-10-20 06:00:01	2008-10-20 06:00:03	178.18162250341393	89.0	75.0	False	0
3802	['bus']	2008-10-20 06:00:03	2008-10-20 06:00:05	141.0186356275011	71.0	-18.0	False	0
3803	['bus']	2008-10-20 06:00:05	2008-10-20 06:00:09	127.15721265582717	32.0	-39.0	False	0
3804	['bus']	2008-10-20 06:00:09	2008-10-20 06:00:13	113.55679637372889	28.0	-4.0	False	0
3805	['bus']	2008-10-20 06:00:13	2008-10-20 06:00:19	126.07268419128026	21.0	-7.0	False	0
3806	['bus']	2008-10-20 06:00:19	2008-10-20 06:00:29	111.26512699197133	11.0	-10.0	False	0
3807	['bus']	2008-10-20 06:00:29	2008-10-20 06:00:43	101.04566613548373	7.0	-4.0	False	0
3808	['bus']	2008-10-20 06:00:43	2008-10-20 06:00:51	107.6263185685471	13.0	6.0	False	0
3809	['bus']	2008-10-20 06:00:51	2008-10-20 06:01:03	109.8042435806113	9.0	-4.0	False	0
3810	['bus']	2008-10-20 06:01:03	2008-10-20 06:01:11	120.32574348297382	15.0	6.0	False	0
3811	['bus']	2008-10-20 06:01:11	2008-10-20 06:01:17	111.10938237728259	19.0	4.0	False	0
3812	['bus']	2008-10-20 06:01:17	2008-10-20 06:01:23	104.95295305178875	17.0	-2.0	False	0
3813	['bus']	2008-10-20 06:01:23	2008-10-20 06:01:31	117.94267492104336	15.0	-2.0	False	0
3814	['bus']	2008-10-20 06:01:31	2008-10-20 06:01:39	102.44282260041808	13.0	-2.0	False	0
3815	['bus']	2008-10-20 06:01:39	2008-10-20 06:02:03	101.47360808091517	4.0	-9.0	False	0
3816	['bus']	2008-10-20 06:02:03	2008-10-20 06:02:39	190.72291706027937	5.0	1.0	False	0
3817	['bus']	2008-10-20 06:02:39	2008-10-20 06:02:47	147.22216529650981	18.0	13.0	False	0
3818	['bus']	2008-10-20 06:02:47	2008-10-20 06:07:19	106.17269454443864	0.0	-18.0	False	0
3819	['bus']	2008-10-20 06:07:19	2008-10-20 06:07:31	117.32008444565565	10.0	10.0	False	0
3820	['bus']	2008-10-20 06:07:31	2008-10-20 06:07:41	111.77639063814087	11.0	1.0	False	0
3821	['bus']	2008-10-20 06:07:41	2008-10-20 06:07:51	106.22813132953635	11.0	0.0	False	0
3822	['bus']	2008-10-20 06:07:51	2008-10-20 06:07:59	103.34972897024814	13.0	2.0	False	0
3823	['bus']	2008-10-20 06:07:59	2008-10-20 06:08:05	103.26594092155825	17.0	4.0	False	0
3824	['bus']	2008-10-20 06:08:05	2008-10-20 06:08:11	107.11469309893096	18.0	1.0	False	0
3825	['bus']	2008-10-20 06:08:11	2008-10-20 06:08:17	118.30349543294386	20.0	2.0	False	0
3826	['bus']	2008-10-20 06:08:17	2008-10-20 06:08:23	123.74804543212568	21.0	1.0	False	0
3827	['bus']	2008-10-20 06:08:23	2008-10-20 06:08:29	116.27397980668879	19.0	-2.0	False	0
3828	['bus']	2008-10-20 06:08:29	2008-10-20 06:08:35	123.38975795477926	21.0	2.0	False	0
3829	['bus']	2008-10-20 06:08:35	2008-10-20 06:08:41	116.73444504054653	19.0	-2.0	False	0
3830	['bus']	2008-10-20 06:08:41	2008-10-20 06:08:47	117.65625465328768	20.0	1.0	False	0
3831	['bus']	2008-10-20 06:08:47	2008-10-20 06:08:53	116.73327640753178	19.0	-1.0	False	0
3832	['bus']	2008-10-20 06:08:53	2008-10-20 06:08:59	113.75398126517358	19.0	0.0	False	0
3833	['bus']	2008-10-20 06:08:59	2008-10-20 06:09:05	109.9664281662128	18.0	-1.0	False	0
3834	['bus']	2008-10-20 06:09:05	2008-10-20 06:09:11	116.25848473481929	19.0	1.0	False	0
3835	['bus']	2008-10-20 06:09:11	2008-10-20 06:09:17	117.29447067478914	20.0	1.0	False	0
3836	['bus']	2008-10-20 06:09:17	2008-10-20 06:09:23	120.02121648117999	20.0	0.0	False	0
3837	['bus']	2008-10-20 06:09:23	2008-10-20 06:09:29	124.40875170227176	21.0	1.0	False	0
3838	['bus']	2008-10-20 06:09:29	2008-10-20 06:09:35	127.08881002644935	21.0	0.0	False	0
3839	['bus']	2008-10-20 06:09:35	2008-10-20 06:09:41	116.51992236366699	19.0	-2.0	False	0
3840	['bus']	2008-10-20 06:09:41	2008-10-20 06:09:47	116.44885936282506	19.0	0.0	False	0
3841	['bus']	2008-10-20 06:09:47	2008-10-20 06:09:53	117.84870391984418	20.0	1.0	False	0
3842	['bus']	2008-10-20 06:09:53	2008-10-20 06:09:59	113.82682763072152	19.0	-1.0	False	0
3843	['bus']	2008-10-20 06:09:59	2008-10-20 06:10:05	111.91324100787487	19.0	0.0	False	0
3844	['bus']	2008-10-20 06:10:05	2008-10-20 06:10:11	111.20199663096878	19.0	0.0	False	0
3845	['bus']	2008-10-20 06:10:11	2008-10-20 06:10:17	106.06878982191486	18.0	-1.0	False	0
3846	['bus']	2008-10-20 06:10:17	2008-10-20 06:10:59	100.25164248134959	2.0	-16.0	False	0
3847	['bus']	2008-10-20 06:10:59	2008-10-20 06:11:15	104.59622358840267	7.0	5.0	False	0
3848	['bus']	2008-10-20 06:11:15	2008-10-20 06:11:23	114.56003006958039	14.0	7.0	False	0
3849	['bus']	2008-10-20 06:11:23	2008-10-20 06:11:29	106.78333678374698	18.0	4.0	False	0
3850	['bus']	2008-10-20 06:11:29	2008-10-20 06:11:35	119.46447552993365	20.0	2.0	False	0
3851	['bus']	2008-10-20 06:11:35	2008-10-20 06:11:41	120.13432991624055	20.0	0.0	False	0
3852	['bus']	2008-10-20 06:11:41	2008-10-20 06:11:47	109.90035133015621	18.0	-2.0	False	0
3853	['bus']	2008-10-20 06:11:47	2008-10-20 06:11:55	107.8683329899579	13.0	-5.0	False	0
3854	['bus']	2008-10-20 06:11:55	2008-10-20 06:12:53	109.5000060401654	2.0	-11.0	False	0
3855	['bus']	2008-10-20 06:12:53	2008-10-20 06:13:05	119.57414876875129	10.0	8.0	False	0
3856	['bus']	2008-10-20 06:13:05	2008-10-20 06:13:13	110.04146169710087	14.0	4.0	False	0
3857	['bus']	2008-10-20 06:13:13	2008-10-20 06:13:19	110.4429145227151	18.0	4.0	False	0
3858	['bus']	2008-10-20 06:13:19	2008-10-20 06:13:25	123.113577637905	21.0	3.0	False	0
3859	['bus']	2008-10-20 06:13:25	2008-10-20 06:13:31	115.03413674329411	19.0	-2.0	False	0
3860	['bus']	2008-10-20 06:13:31	2008-10-20 06:13:39	108.00603267195187	14.0	-5.0	False	0
3861	['bus']	2008-10-20 06:13:39	2008-10-20 06:13:53	105.26508339405602	8.0	-6.0	False	0
3862	['bus']	2008-10-20 06:13:53	2008-10-20 06:14:25	100.98457271860067	3.0	-5.0	False	0
3863	['bus']	2008-10-20 06:14:25	2008-10-20 06:15:05	120.90127558512026	3.0	0.0	False	0
3864	['bus']	2008-10-20 06:15:05	2008-10-20 06:15:13	113.02523959522564	14.0	11.0	False	0
3865	['bus']	2008-10-20 06:15:13	2008-10-20 06:15:19	107.69601361933739	18.0	4.0	False	0
3866	['bus']	2008-10-20 06:15:19	2008-10-20 06:15:25	113.74072468125364	19.0	1.0	False	0
3867	['bus']	2008-10-20 06:15:25	2008-10-20 06:15:31	116.91544744719617	19.0	0.0	False	0
3868	['bus']	2008-10-20 06:15:31	2008-10-20 06:15:37	109.39411370100858	18.0	-1.0	False	0
3869	['bus']	2008-10-20 06:15:37	2008-10-20 06:15:45	114.98215433785796	14.0	-4.0	False	0
3870	['bus']	2008-10-20 06:15:45	2008-10-20 06:15:53	111.91860256574611	14.0	0.0	False	0
3871	['bus']	2008-10-20 06:15:53	2008-10-20 06:15:59	104.5660163014143	17.0	3.0	False	0
3872	['bus']	2008-10-20 06:15:59	2008-10-20 06:16:05	112.84607470524284	19.0	2.0	False	0
3873	['bus']	2008-10-20 06:16:05	2008-10-20 06:16:11	106.91666159834911	18.0	-1.0	False	0
3874	['bus']	2008-10-20 06:16:11	2008-10-20 06:16:19	105.81949485082882	13.0	-5.0	False	0
3875	['bus']	2008-10-20 06:16:19	2008-10-20 06:16:45	105.79893256596665	4.0	-9.0	False	0
3876	['bus']	2008-10-20 06:16:45	2008-10-20 06:16:55	122.07534054391824	12.0	8.0	False	0
3877	['bus']	2008-10-20 06:16:55	2008-10-20 06:17:01	106.96406864438461	18.0	6.0	False	0
3878	['bus']	2008-10-20 06:17:01	2008-10-20 06:17:07	124.401994643448	21.0	3.0	False	0
3879	['bus']	2008-10-20 06:17:07	2008-10-20 06:17:13	124.9537351053563	21.0	0.0	False	0
3880	['bus']	2008-10-20 06:17:13	2008-10-20 06:17:19	123.75417422265144	21.0	0.0	False	0
3881	['bus']	2008-10-20 06:17:19	2008-10-20 06:17:25	125.2991167513686	21.0	0.0	False	0
3882	['bus']	2008-10-20 06:17:25	2008-10-20 06:17:31	115.58296802958249	19.0	-2.0	False	0
3883	['bus']	2008-10-20 06:17:31	2008-10-20 06:17:37	103.39119804387619	17.0	-2.0	False	0
3884	['bus']	2008-10-20 06:17:37	2008-10-20 06:17:57	106.39490301210456	5.0	-12.0	False	0
3885	['bus']	2008-10-20 06:17:57	2008-10-20 06:18:11	117.11321766034169	8.0	3.0	False	0
3886	['bus']	2008-10-20 06:18:11	2008-10-20 06:18:19	114.36123101683334	14.0	6.0	False	0
3887	['bus']	2008-10-20 06:18:19	2008-10-20 06:18:25	102.49676469147447	17.0	3.0	False	0
3888	['bus']	2008-10-20 06:18:25	2008-10-20 06:18:31	113.97832707758526	19.0	2.0	False	0
3889	['bus']	2008-10-20 06:18:31	2008-10-20 06:18:37	116.35326194255481	19.0	0.0	False	0
3890	['bus']	2008-10-20 06:18:37	2008-10-20 06:18:43	120.73276409642607	20.0	1.0	False	0
3891	['bus']	2008-10-20 06:18:43	2008-10-20 06:18:49	117.30822228993912	20.0	0.0	False	0
3892	['bus']	2008-10-20 06:18:49	2008-10-20 06:18:55	113.27993245422465	19.0	-1.0	False	0
3893	['bus']	2008-10-20 06:18:55	2008-10-20 06:19:01	110.86364405056108	18.0	-1.0	False	0
3894	['bus']	2008-10-20 06:19:01	2008-10-20 06:19:09	121.546127598449	15.0	-3.0	False	0
3895	['bus']	2008-10-20 06:19:09	2008-10-20 06:19:37	107.93629009529175	4.0	-11.0	False	0
3896	['bus']	2008-10-20 06:19:37	2008-10-20 06:19:59	102.90755260317755	5.0	1.0	False	0
3897	['bus']	2008-10-20 06:19:59	2008-10-20 06:20:13	104.29269879474123	7.0	2.0	False	0
3898	['bus']	2008-10-20 06:20:13	2008-10-20 06:21:19	111.6023743999122	2.0	-5.0	False	0
3899	['bus']	2008-10-20 06:21:19	2008-10-20 06:21:27	105.1295405614812	13.0	11.0	False	0
3900	['bus']	2008-10-20 06:21:27	2008-10-20 06:21:35	128.17811155268274	16.0	3.0	False	0
3901	['bus']	2008-10-20 06:21:35	2008-10-20 06:21:41	125.58352623969526	21.0	5.0	False	0
3902	['bus']	2008-10-20 06:21:41	2008-10-20 06:21:47	118.77144604824886	20.0	-1.0	False	0
3903	['bus']	2008-10-20 06:21:47	2008-10-20 06:21:53	107.98002140027975	18.0	-2.0	False	0
3904	['bus']	2008-10-20 06:21:53	2008-10-20 06:22:01	104.97819059018461	13.0	-5.0	False	0
3905	['bus']	2008-10-20 06:22:01	2008-10-20 06:22:11	105.9520341442543	11.0	-2.0	False	0
3906	['bus']	2008-10-20 06:22:11	2008-10-20 06:22:19	105.84524819040121	13.0	2.0	False	0
3907	['bus']	2008-10-20 06:22:19	2008-10-20 06:22:27	116.55786742525552	15.0	2.0	False	0
3908	['bus']	2008-10-20 06:22:27	2008-10-20 06:22:33	100.14235789093641	17.0	2.0	False	0
3909	['bus']	2008-10-20 06:22:33	2008-10-20 06:22:39	121.72496054366462	20.0	3.0	False	0
3910	['bus']	2008-10-20 06:22:39	2008-10-20 06:22:45	128.28578344392471	21.0	1.0	False	0
3911	['bus']	2008-10-20 06:22:45	2008-10-20 06:22:51	129.55384832421015	22.0	1.0	False	0
3912	['bus']	2008-10-20 06:22:51	2008-10-20 06:22:57	119.58488434494217	20.0	-2.0	False	0
3913	['bus']	2008-10-20 06:22:57	2008-10-20 06:23:03	109.47825414059841	18.0	-2.0	False	0
3914	['bus']	2008-10-20 06:23:03	2008-10-20 06:23:11	121.54214455561075	15.0	-3.0	False	0
3915	['bus']	2008-10-20 06:23:11	2008-10-20 06:23:15	121.52112069169266	30.0	15.0	False	0
